0
984
556
979
558
373
1850
2035
1278
0
1
429
414
428
18
207
1
2
467
434
320
2
3
330
657
852
706
675
719
3
4
865
915
893
906
376
4
5
1049
1062
1073
975
1664
952
5
6
251
54
26
315
1027
6
7
1495
8
1185
1095
271
1173
7
8
1335
1185
7
1495
8
9
217
415
11
429
192
185
208
9
10
407
341
300
121
202
10
11
415
396
371
370
429
9
11
12
230
25
13
434
467
12
13
434
12
25
77
391
194
272
13
14
1605
1053
1578
1592
1231
1617
14
15
39
40
465
449
1132
21
15
16
786
78
231
254
1106
1067
16
17
1094
1066
262
210
574
320
272
17
1
18
428
228
207
18
19
457
58
59
28
451
19
20
1830
130
923
1829
851
20
15
21
1132
1163
1167
39
21
22
60
1180
1146
1133
451
28
59
22
23
441
447
36
44
45
24
23
23
24
45
487
468
448
2511
441
24
13
12
25
230
646
937
77
25
26
315
6
54
208
185
431
1048
250
26
27
578
1113
1112
945
148
572
27
28
451
19
59
22
28
29
2425
797
858
877
705
1042
1010
29
30
1160
1135
1170
31
30
30
31
1170
61
62
41
32
446
1160
31
32
446
31
41
42
33
452
32
32
33
42
49
34
453
452
33
34
43
35
453
33
49
50
34
35
43
51
36
453
34
35
36
453
35
51
44
23
447
36
37
711
715
261
427
716
629
37
38
1572
1592
976
998
938
986
38
21
39
1167
511
57
40
15
39
39
40
57
46
68
457
465
15
40
41
42
32
31
62
47
41
42
49
33
32
41
47
48
42
43
81
63
51
35
34
50
43
44
64
45
23
36
51
44
45
65
52
487
24
23
44
64
45
46
57
1194
68
40
46
42
41
47
62
73
48
47
48
49
42
47
73
79
80
48
34
33
42
48
49
80
50
49
43
34
49
50
80
81
50
44
36
35
43
51
63
64
51
52
487
45
65
74
492
52
53
310
338
407
670
53
54
251
171
217
208
26
6
54
55
2405
2387
66
75
67
2423
55
56
430
171
129
93
425
56
57
1194
46
40
39
511
1386
57
19
58
457
68
95
59
58
22
28
19
58
59
95
69
60
59
59
60
69
96
1196
1204
1180
22
60
61
62
31
1170
1197
71
72
61
47
41
31
61
62
72
73
62
63
82
64
51
43
81
86
63
45
44
51
63
64
82
65
64
64
65
82
92
74
52
45
65
66
462
461
520
75
55
2387
2404
66
55
67
75
116
94
510
2423
67
68
95
58
457
40
46
1194
1225
68
60
59
69
95
131
103
96
69
70
1104
1088
1103
1115
388
260
139
70
71
1205
1213
1226
72
61
1197
71
72
73
62
61
71
1226
1227
72
73
79
48
47
62
72
1227
1238
73
74
492
52
65
92
531
74
75
116
67
55
66
520
75
76
1027
315
1085
1005
76
25
77
937
391
13
77
16
78
786
783
828
784
914
231
78
79
1238
1250
1232
80
48
73
79
80
81
50
49
48
79
1232
85
80
81
86
63
43
50
80
85
98
81
82
92
65
64
63
86
99
82
83
950
1084
1059
957
694
475
83
84
330
719
954
349
466
84
85
105
98
81
80
1232
85
86
98
91
114
99
82
63
81
86
87
1175
341
229
1251
87
88
153
1827
242
594
1038
1039
328
88
89
475
694
564
717
1014
89
90
96
109
110
1221
1213
1196
90
91
113
127
114
86
98
91
92
107
531
74
65
82
99
115
550
92
93
417
416
425
56
129
218
593
93
94
554
523
502
510
67
116
117
94
95
102
131
69
59
58
68
1225
95
96
1196
60
69
103
109
90
96
97
1610
1092
794
897
994
2163
1118
97
98
113
91
86
81
85
105
106
98
82
86
99
114
115
92
99
100
428
437
292
261
163
100
101
942
1013
225
986
211
101
102
1237
1262
2461
131
95
1225
102
96
69
103
131
132
109
103
104
1454
591
709
949
770
868
981
104
105
1232
134
106
98
85
105
98
105
106
134
126
113
106
107
531
92
550
543
107
108
1070
312
375
181
108
90
96
103
109
132
124
110
109
110
1221
90
109
124
125
133
111
110
110
111
133
159
1249
1227
1226
1221
111
112
372
365
990
357
2260
925
112
106
113
126
127
91
98
113
86
91
114
127
135
115
99
114
115
119
550
92
99
114
135
115
116
122
117
94
67
75
520
521
116
94
116
117
122
572
148
149
554
117
118
315
931
362
1800
329
366
1085
118
119
135
140
141
550
115
119
120
1382
1337
787
1527
1009
435
120
121
1285
340
377
555
202
10
300
121
122
521
562
572
117
116
122
123
673
718
426
432
593
1061
123
110
109
124
132
145
157
158
125
124
125
133
110
124
158
125
106
126
134
147
135
127
113
126
126
127
135
114
91
113
127
128
1272
1984
1324
911
860
1624
128
129
375
218
93
56
171
251
987
129
130
1830
144
1105
1032
1036
923
20
130
131
132
103
69
95
102
2461
156
145
131
124
109
103
131
132
145
132
111
110
125
133
158
159
133
134
146
151
147
126
106
105
1232
1250
134
135
147
152
140
119
115
114
127
126
135
136
744
863
787
1337
974
1359
860
136
137
1200
1251
229
338
1274
1302
137
138
269
1147
2191
1612
138
139
352
1104
70
260
193
301
409
139
140
184
201
141
119
135
152
162
140
141
561
550
119
140
201
575
567
141
142
1420
1479
1644
1633
1020
1432
1637
1884
142
143
2474
2336
351
792
2028
2064
143
144
1105
130
1830
1800
362
144
124
132
131
145
156
190
157
145
146
1250
1284
1311
160
161
151
134
146
147
151
168
183
169
152
135
126
134
147
148
149
117
572
27
945
148
149
560
554
117
148
945
149
150
905
2058
282
949
323
887
150
134
146
151
161
167
168
147
151
135
147
152
169
162
140
152
153
328
1655
1827
88
153
154
1939
1440
755
349
857
347
346
1910
2189
154
155
283
871
365
864
805
420
155
156
190
145
131
2461
165
156
157
196
175
158
124
145
190
215
157
158
159
133
125
124
157
175
158
159
1291
1249
111
133
158
175
166
1296
159
160
1311
1299
205
197
167
161
146
160
151
146
160
161
167
161
140
152
162
169
191
184
162
163
428
100
261
387
1001
339
228
163
164
1211
2063
2038
1997
2116
164
165
180
189
214
204
190
156
2461
165
166
1296
159
175
196
1267
1312
166
151
161
160
167
197
182
168
167
168
183
147
151
167
182
198
168
169
200
191
162
152
147
183
169
170
804
827
927
924
746
170
54
171
251
129
56
430
217
171
172
622
918
884
867
1060
172
173
597
872
323
949
709
591
173
174
809
389
784
890
280
282
174
158
157
175
196
166
159
175
176
1795
1704
269
1611
862
176
177
1243
1008
1110
884
855
177
178
2179
1742
1710
1772
1720
1766
178
179
2265
195
222
213
189
180
179
180
2461
2265
179
189
165
180
108
181
375
987
1027
1005
1051
1070
181
182
198
168
167
197
237
226
182
169
147
168
183
198
200
183
162
184
191
206
227
201
140
184
26
185
208
9
192
207
431
185
186
827
819
848
920
186
187
1045
580
478
1075
1066
1046
187
188
809
282
2058
1297
1763
1728
1719
188
165
180
179
189
213
214
189
157
145
156
165
190
204
215
190
191
239
206
184
162
169
200
191
9
192
429
207
185
192
193
301
139
260
439
1093
193
194
1094
272
13
391
1321
1111
194
195
2265
2336
2474
212
222
179
195
166
175
157
196
215
235
265
236
1267
196
182
167
160
197
205
216
237
197
198
200
183
168
182
226
199
198
199
239
200
198
226
238
199
183
198
199
200
239
191
169
200
201
617
575
141
140
184
227
636
201
202
682
407
10
121
555
202
203
255
221
212
2474
2064
1570
203
204
215
190
165
214
224
204
205
1310
1286
216
197
160
1299
205
206
239
259
650
227
184
191
206
207
431
185
192
429
1
18
228
941
207
54
208
217
9
185
26
208
209
398
1077
291
267
1117
1116
209
210
574
17
262
490
595
210
101
211
986
938
1062
1049
1056
942
211
212
222
195
2474
203
221
275
264
223
212
213
214
189
179
222
223
233
213
214
224
204
165
189
213
233
256
214
157
190
204
215
224
234
235
196
215
216
1286
1303
245
237
197
205
216
171
217
430
403
415
9
208
54
217
218
593
93
129
375
218
219
1749
913
353
456
951
219
220
390
340
1184
1256
1013
220
212
203
221
255
275
221
213
179
195
212
222
223
222
223
233
213
222
212
264
285
244
223
215
204
214
224
256
234
224
225
1572
986
101
1013
1256
225
226
238
199
198
182
237
258
247
226
201
184
206
227
650
636
227
163
228
339
941
207
18
428
228
137
229
1251
87
341
407
338
229
230
684
643
646
25
12
467
573
230
78
231
914
252
1024
350
254
16
231
232
1105
1108
1018
930
1032
232
214
213
223
233
244
256
233
234
235
215
224
256
276
277
257
234
196
215
234
235
257
265
235
236
1312
1267
196
265
1207
1215
236
226
182
197
216
237
245
246
258
237
199
226
238
247
248
239
238
238
239
248
259
206
191
200
199
239
240
657
330
373
558
979
815
240
241
624
270
778
659
615
241
242
458
594
88
1827
433
885
242
243
930
1072
1087
1052
1036
1032
243
244
256
233
223
285
244
245
1298
246
237
216
1303
245
237
245
246
1298
308
258
246
226
247
258
287
288
248
238
247
247
248
288
299
278
259
239
238
248
249
2453
459
1454
925
2260
2476
249
26
250
1048
1108
931
315
250
251
1027
987
129
171
54
6
251
252
1024
231
914
1019
253
252
252
253
1019
975
1054
1292
1024
253
254
271
1055
1106
16
231
350
254
255
1570
263
273
274
275
221
203
255
234
224
214
233
244
256
285
296
276
256
257
1207
265
235
234
277
286
297
257
247
226
237
246
258
308
316
287
258
259
688
650
206
239
248
278
309
259
139
70
260
388
700
514
439
193
260
261
1012
387
163
100
292
427
37
715
261
262
1066
1075
490
210
17
262
263
1570
1233
1313
273
255
263
223
212
264
275
290
295
285
264
236
196
235
257
265
1207
265
266
1779
1109
329
1778
1801
1832
266
267
1790
1117
209
291
366
1109
267
268
281
691
677
652
627
619
651
268
269
1612
1611
176
1704
1147
138
269
270
795
376
699
720
778
241
624
289
270
271
350
1173
7
1095
1083
1055
254
271
13
194
272
1094
17
320
434
272
273
303
304
274
255
263
1313
273
274
275
255
273
304
284
274
212
221
255
274
275
284
290
264
275
276
286
277
234
256
296
332
305
276
234
276
277
286
257
277
259
248
278
299
318
309
278
279
1206
937
646
359
939
279
280
770
949
282
174
890
280
281
651
690
326
327
691
268
281
174
280
282
949
150
2058
188
809
282
283
420
904
892
871
155
283
275
274
284
304
294
290
284
256
244
223
264
285
295
296
285
257
277
276
286
305
314
297
286
287
288
247
258
316
287
288
299
248
247
287
316
288
289
795
270
624
458
289
290
295
264
275
284
294
290
291
1077
1005
1085
366
267
209
291
100
292
437
413
424
427
261
292
293
992
528
613
693
854
347
293
294
295
290
284
304
321
313
294
295
296
285
264
290
294
313
331
295
276
256
285
295
296
331
332
296
297
1207
257
286
314
333
298
297
298
1283
1276
1207
297
333
306
307
298
299
316
317
336
318
278
248
288
299
121
10
300
341
1175
1285
300
139
193
301
1093
1068
409
301
302
1557
1219
1054
1073
1062
1100
302
303
1306
1248
354
304
273
1313
303
284
274
273
303
304
354
321
294
304
305
314
286
276
332
381
394
344
305
298
306
333
307
306
307
1283
298
306
333
334
322
1270
1199
307
308
983
316
258
246
1298
1265
308
309
325
337
319
688
259
278
318
309
310
570
1740
1274
338
53
670
310
311
714
634
635
708
694
957
311
312
1070
1068
1061
593
375
108
312
313
360
331
295
294
321
378
379
313
314
333
297
286
305
344
383
314
250
315
931
118
1085
76
1027
6
26
315
316
324
317
299
288
287
258
308
983
316
317
336
299
316
324
947
1078
1000
317
309
278
299
318
336
325
318
319
689
688
309
337
348
690
319
320
574
467
2
434
272
17
320
313
294
304
321
354
393
378
321
307
322
334
355
1270
322
323
887
150
949
173
872
1535
323
324
947
317
316
983
324
325
1000
1034
337
309
318
336
325
326
690
348
374
327
281
326
327
691
281
326
374
681
506
712
327
88
328
1039
1705
1655
153
328
329
366
118
1800
1778
266
1109
329
330
719
84
466
373
240
657
3
330
331
332
296
295
313
360
343
331
296
331
332
343
381
305
276
332
307
306
298
297
314
333
383
334
333
322
307
333
334
383
355
334
335
898
765
900
859
943
849
853
335
336
1000
325
318
299
317
336
337
364
348
319
309
325
1034
337
229
338
407
53
310
1274
137
338
163
339
1001
997
1018
941
228
339
220
340
390
1114
377
121
1285
1184
340
341
1175
300
10
407
229
87
341
342
367
421
368
354
1248
1161
342
332
331
343
360
379
380
423
381
343
344
383
314
305
394
382
401
344
345
356
395
1171
1271
1270
345
346
644
763
776
663
1910
154
347
346
346
154
347
857
992
293
854
644
347
319
337
348
364
374
326
690
348
349
857
154
755
466
84
954
992
349
254
231
350
1024
1173
271
350
351
2412
1453
2413
2085
792
143
2336
351
352
1104
139
409
960
398
1116
352
353
456
219
913
900
698
841
766
353
321
304
303
354
1248
342
368
393
354
355
1270
322
334
383
369
356
355
356
1270
355
369
402
395
345
356
357
2462
2476
2260
112
990
1969
1381
357
358
1257
361
947
1172
358
359
646
527
614
939
279
359
331
313
360
379
343
360
361
396
415
403
524
585
947
358
1257
361
144
362
1800
118
931
1108
1105
362
363
1057
386
416
404
364
1034
363
364
1034
363
404
405
374
348
337
364
365
909
990
112
372
921
864
155
871
365
118
329
366
1109
267
291
1085
366
367
1275
392
421
342
1161
1158
367
368
393
354
342
421
505
368
369
402
356
355
383
401
414
369
370
371
384
1171
395
429
11
370
371
1257
384
370
11
396
371
372
925
861
783
762
721
921
365
112
372
373
1850
0
558
240
330
466
1989
373
327
326
348
364
374
405
432
426
681
374
375
987
181
108
312
593
218
129
375
376
865
4
906
661
699
270
795
376
377
555
121
340
1114
1014
377
378
379
313
321
393
412
378
343
360
313
378
379
412
380
379
380
423
343
379
412
422
380
305
332
343
381
423
400
394
381
344
382
394
413
401
382
355
334
333
314
344
383
401
369
383
384
1171
370
371
1257
1172
384
385
834
498
805
869
385
386
397
425
416
363
1057
522
386
163
261
387
1012
1072
1001
387
70
388
1115
615
700
260
388
389
1683
1019
914
784
174
809
389
390
1013
942
969
1069
1114
340
220
390
391
1216
1439
1321
194
13
77
937
391
392
2463
410
421
367
1275
2489
2406
392
378
321
354
368
393
505
411
436
412
393
382
344
305
381
394
400
413
394
370
395
1171
345
356
402
429
395
396
1257
371
11
415
361
396
397
522
403
430
425
386
397
398
1070
1051
1077
209
1116
352
960
398
399
1595
1111
1321
1447
2116
399
394
381
400
423
424
413
400
369
383
344
382
401
413
437
414
401
395
356
369
402
414
429
402
217
403
430
397
522
524
361
415
403
404
416
417
418
405
364
363
404
404
405
418
432
374
364
405
406
506
681
426
649
596
406
407
670
53
338
229
341
10
202
682
713
407
408
716
419
436
640
662
515
697
408
352
139
301
409
1068
960
409
410
654
421
392
2463
2512
410
411
640
436
393
505
654
676
411
379
378
393
412
436
422
380
412
401
382
394
400
413
424
292
437
413
414
429
402
369
401
437
428
1
414
403
361
396
11
9
217
415
416
417
404
363
386
425
93
416
417
593
418
404
416
93
417
404
417
418
593
432
405
418
419
427
422
436
408
716
419
420
1946
904
283
155
805
498
420
421
654
505
368
342
367
392
410
421
422
423
380
412
436
419
427
422
423
424
400
381
343
380
422
427
423
413
400
423
424
427
292
424
425
430
56
93
416
386
397
425
426
681
374
432
123
718
649
406
426
424
423
422
419
427
716
37
261
292
427
228
18
1
414
428
437
100
163
428
11
370
395
402
414
1
207
192
9
429
403
217
171
56
425
397
430
185
207
431
941
936
1048
26
431
432
593
123
426
374
405
418
432
433
886
820
885
242
1827
508
504
433
272
320
2
434
467
12
13
434
435
2525
1382
120
1009
858
797
435
419
422
412
393
411
436
640
408
436
414
401
413
292
100
428
437
438
1676
1758
1992
1685
2107
438
439
1093
193
260
514
704
482
1064
439
440
1840
1253
453
447
2523
1826
440
24
441
2511
2510
2523
447
23
441
442
2442
2459
443
469
454
739
442
443
2511
448
469
442
2459
2473
2485
2498
443
444
1417
1494
630
1593
1512
1597
444
445
1124
1909
449
465
457
450
1315
1325
445
446
452
1525
1137
1136
1160
31
32
446
447
2523
440
453
36
23
441
447
443
448
2511
24
468
488
469
448
449
1132
15
465
445
1909
449
450
1315
445
457
451
450
22
451
1133
1315
450
457
19
28
451
452
2076
1525
446
32
33
453
1253
1261
452
440
453
1253
452
33
34
35
36
447
453
454
470
739
442
469
480
454
455
1845
1280
1287
463
1148
455
456
471
556
984
951
219
353
766
456
451
450
445
457
465
40
68
58
19
457
289
458
624
594
242
885
696
865
795
458
459
591
1454
249
2453
2435
597
459
460
573
467
595
490
565
631
537
460
461
494
520
66
462
740
470
461
462
2404
2411
740
461
66
462
463
1148
455
1287
1523
1223
1435
1838
1474
463
464
695
670
616
710
464
449
15
40
457
445
465
84
349
466
755
1989
373
330
466
467
574
595
460
573
230
12
434
2
320
467
448
24
468
487
488
468
469
493
480
454
442
443
448
488
469
470
739
454
480
501
494
461
740
470
471
979
556
456
766
747
815
471
472
2396
2405
495
502
503
751
2373
472
473
693
486
481
671
703
666
896
473
474
1096
782
641
714
957
474
83
475
694
89
1014
950
475
476
867
977
971
1028
1060
476
477
641
842
611
635
634
477
187
478
580
656
565
490
1075
478
479
649
514
778
669
645
596
479
470
454
469
480
493
500
501
480
481
525
648
671
473
486
481
439
482
704
718
673
1064
482
483
507
491
614
527
625
483
484
540
573
638
602
672
497
684
484
485
648
566
571
675
680
579
569
485
481
473
486
693
613
525
486
487
492
509
488
468
24
45
52
487
469
448
468
487
488
509
493
488
489
542
667
707
625
643
497
489
210
262
490
1075
478
565
460
595
490
491
683
698
610
513
614
483
507
491
52
74
492
531
509
487
492
488
493
509
499
500
480
469
493
470
494
501
519
520
461
494
495
2405
2423
510
502
472
495
496
530
697
633
686
548
674
496
497
672
542
489
643
684
484
497
420
498
805
385
834
2157
2091
1946
498
499
509
518
500
493
499
500
518
532
501
480
493
499
500
501
519
494
470
480
500
532
501
94
502
523
503
472
495
510
502
503
751
472
502
523
549
539
767
503
433
504
508
1698
1462
1744
886
504
411
393
368
421
505
654
505
506
596
568
601
712
327
681
406
506
507
512
683
491
483
625
507
508
1655
1656
1698
504
433
1827
508
493
488
487
492
509
531
517
518
499
509
502
495
510
2423
67
94
510
511
1378
1386
57
39
1167
511
512
701
821
683
507
625
707
667
512
513
1101
614
491
610
958
1016
513
439
260
514
700
778
479
649
704
514
408
515
662
536
633
697
515
516
1446
2529
1912
2066
1218
2388
899
516
517
543
544
518
509
531
517
518
532
500
499
509
517
544
546
551
518
519
533
534
538
520
494
501
532
519
75
66
461
494
519
520
538
521
116
520
116
520
521
538
552
562
122
521
386
522
1057
585
524
403
397
522
523
554
549
503
502
94
523
361
403
522
524
585
524
525
758
586
566
648
481
486
613
528
525
526
715
711
664
600
1033
988
999
526
359
527
646
625
483
614
527
525
528
613
293
992
758
528
529
674
553
665
708
635
611
529
530
664
697
496
674
632
600
530
531
543
517
509
492
74
92
107
531
519
501
500
518
532
551
541
533
532
532
533
541
547
534
519
533
534
538
519
533
547
559
534
535
720
699
679
678
645
669
535
515
536
662
626
695
710
686
633
536
537
573
460
631
671
638
537
538
559
552
521
520
519
534
538
539
767
503
549
811
796
539
540
573
484
684
540
541
551
583
590
584
547
533
532
541
542
667
489
497
672
623
581
542
107
543
550
561
567
544
517
531
543
544
576
588
545
546
518
517
543
567
544
545
583
551
546
544
588
545
546
551
518
544
545
546
547
559
534
533
541
584
547
548
674
496
686
710
685
553
548
549
560
811
539
503
523
554
549
92
115
119
141
550
561
543
107
550
518
546
545
551
583
541
532
551
552
577
621
562
521
538
559
552
553
674
548
685
687
665
529
553
554
560
549
523
94
117
149
554
555
1014
717
702
682
202
121
377
555
456
471
556
979
0
984
556
557
731
896
666
656
989
972
961
946
557
240
373
0
558
979
558
534
547
559
584
577
552
538
559
560
1097
1071
811
549
554
149
945
560
550
141
561
567
543
561
521
552
562
621
578
572
122
562
563
1030
1577
1569
1576
1588
1604
1029
910
563
564
694
708
655
717
89
564
565
703
631
460
490
478
656
565
566
571
485
648
525
586
566
141
567
575
576
544
543
561
567
506
568
596
645
601
568
485
569
579
602
638
671
648
569
570
670
695
626
639
1740
310
570
571
586
758
954
719
675
485
566
571
27
148
117
122
562
572
578
572
573
684
230
467
460
537
638
484
540
573
574
595
467
320
17
210
574
575
576
567
141
201
617
603
575
576
603
598
588
544
567
575
576
577
620
621
552
559
584
607
577
572
562
578
621
608
1113
27
578
485
579
680
623
602
569
579
580
1044
989
656
478
187
1045
580
542
581
623
706
852
701
667
581
582
640
676
639
626
662
582
583
588
605
589
599
590
541
551
545
583
547
541
584
590
606
607
577
559
584
524
522
585
1057
1078
947
361
585
566
525
586
758
571
586
587
776
741
2054
1910
663
587
588
605
583
545
544
576
598
604
612
588
583
589
605
628
599
589
584
541
583
590
599
606
590
173
591
709
104
1454
459
597
591
592
1190
2443
2499
1218
1510
1509
1533
2397
1544
1565
592
375
312
593
1061
123
432
418
417
93
218
593
88
242
458
594
624
1038
594
210
490
460
467
574
595
406
596
649
479
645
568
506
596
591
459
597
2435
1497
872
173
597
576
598
603
604
588
598
599
606
590
583
589
628
637
607
599
600
1037
1033
526
664
530
632
600
568
601
645
678
692
712
506
601
602
672
484
638
569
579
623
602
575
603
617
618
642
604
598
576
603
604
619
612
588
598
603
642
604
605
628
589
583
588
612
605
606
607
584
590
599
606
577
584
606
599
607
637
653
620
607
608
893
1113
578
621
668
661
906
608
609
1379
1468
1091
1090
609
610
698
900
765
878
958
513
491
610
611
842
632
674
529
635
477
611
612
628
605
588
604
619
627
612
528
525
486
613
693
293
613
527
483
491
513
614
1101
939
359
614
615
1115
624
241
659
700
388
615
616
685
710
464
670
713
682
687
616
575
201
617
636
618
603
617
618
642
603
617
636
658
651
618
619
642
651
268
627
612
604
619
620
621
577
607
653
679
668
620
621
668
608
578
562
552
577
620
621
622
1060
1393
1074
866
918
172
622
623
706
581
542
672
602
579
680
623
624
1038
594
458
289
270
241
615
1115
624
489
625
707
512
507
483
527
646
643
625
626
662
582
639
570
695
536
626
612
619
268
627
652
628
627
627
628
652
660
637
599
589
605
612
628
37
629
716
697
664
711
629
630
1593
444
1494
1476
1470
630
537
460
565
631
703
671
631
632
1037
600
530
674
611
842
632
633
697
515
536
686
496
633
634
641
477
635
311
714
634
477
611
529
635
708
311
634
635
618
617
201
227
636
650
658
636
637
678
653
607
599
628
660
692
637
537
638
671
569
602
484
573
638
639
2512
647
1740
570
626
582
676
639
408
436
411
640
676
582
662
640
641
714
474
782
842
477
634
641
604
603
618
642
651
619
642
497
489
625
643
646
230
684
643
347
644
854
763
346
644
601
568
596
479
645
669
535
678
645
279
646
937
25
230
643
625
527
359
646
647
1740
639
2512
2490
647
569
648
671
481
525
566
485
648
596
406
426
649
718
704
514
479
649
636
227
206
259
650
688
689
658
650
268
619
642
618
651
658
690
281
651
652
660
628
627
268
677
652
607
637
653
678
679
620
653
654
2512
676
411
505
421
410
654
655
708
665
687
702
717
564
655
565
478
580
656
989
557
666
703
656
3
330
240
657
815
852
657
618
636
650
658
689
690
651
658
615
241
659
778
700
659
660
677
692
637
628
652
660
661
906
608
668
699
376
661
408
640
582
626
536
515
662
587
663
1910
346
776
663
664
711
629
697
530
600
526
664
529
553
665
687
655
708
665
656
557
666
896
473
703
666
581
667
701
512
707
489
542
667
661
608
621
620
668
679
699
668
535
645
479
669
778
720
669
310
53
407
670
713
616
464
695
570
670
631
671
703
473
481
648
569
638
537
671
484
602
623
542
497
672
482
673
718
123
1061
1064
673
530
496
548
553
529
611
632
674
485
571
675
719
3
706
680
675
639
582
640
411
654
676
2512
676
652
268
677
691
712
692
660
677
645
535
678
679
653
637
692
601
678
668
620
653
678
535
679
699
679
623
579
485
675
680
706
680
327
374
426
406
506
681
682
702
687
616
713
407
202
555
682
683
821
698
491
507
512
683
540
484
497
643
230
573
684
548
685
710
616
687
553
685
496
633
536
686
710
548
686
665
553
685
616
682
687
702
655
687
688
689
650
259
309
319
688
658
650
688
319
689
690
689
689
319
348
326
281
651
658
690
691
712
677
268
281
327
691
601
678
637
660
677
692
712
692
693
896
854
293
613
486
473
693
475
83
694
957
311
708
564
89
694
695
710
536
626
570
670
464
695
696
822
916
865
458
885
820
696
629
697
716
408
515
633
496
530
664
697
353
698
900
610
491
683
821
841
698
668
679
535
699
720
270
376
661
699
260
388
615
659
700
778
514
700
701
821
512
667
581
852
747
701
655
687
682
555
702
717
702
656
666
473
671
631
565
703
514
649
704
718
482
439
704
705
1042
29
877
1186
1314
1230
705
706
852
581
623
680
675
3
706
667
512
625
489
707
311
635
529
665
655
564
694
708
173
709
949
104
591
709
686
536
695
464
616
685
548
710
629
664
526
711
715
37
711
327
506
601
692
677
691
712
407
682
616
670
713
634
311
714
957
474
641
714
261
37
711
526
715
999
1012
715
37
427
419
408
697
629
716
655
702
555
717
1014
89
564
717
649
426
123
673
482
704
718
3
675
571
719
954
84
330
719
270
699
535
669
720
778
720
721
762
837
848
864
921
372
721
722
2242
2243
727
730
736
723
722
722
723
736
728
2209
2242
723
724
2312
752
754
729
2286
2305
2334
724
725
2278
2286
729
2261
1864
725
726
727
2243
2251
1855
726
727
1855
1880
734
730
722
2243
726
727
723
728
736
737
2200
2209
728
729
2261
725
2286
724
754
1897
729
727
730
734
735
736
722
730
731
896
557
946
741
776
731
732
2187
1475
2003
2139
2097
1300
1118
1686
732
733
1435
1223
1465
1147
2039
2000
1838
733
734
1880
742
735
730
727
734
735
749
736
730
734
742
1901
756
735
722
730
735
736
749
743
737
728
723
736
737
1810
2200
728
736
743
1887
1847
737
738
1634
1695
1659
1640
1734
1825
738
442
454
470
739
740
2442
739
740
2434
2442
739
470
461
462
2411
740
741
2054
587
776
731
946
1662
741
742
1880
1901
735
734
742
743
1887
737
736
749
761
1903
743
744
1011
802
863
136
860
744
745
1610
1017
1031
1393
895
1092
745
746
1649
775
804
170
924
1553
746
747
766
821
701
852
815
471
747
748
2373
751
759
752
2312
2335
748
749
756
769
761
743
736
735
749
750
886
1691
908
882
907
822
820
750
472
503
751
767
759
748
2373
751
752
2312
748
759
760
753
754
724
752
753
760
764
768
754
752
753
754
1897
729
724
752
753
768
1940
1913
754
755
1989
466
349
154
1440
2034
755
735
756
1901
1929
771
769
749
756
757
1186
1424
1545
1579
1449
757
528
758
992
954
571
586
525
758
759
767
779
760
752
748
751
759
752
759
760
779
785
764
753
760
761
1903
743
749
769
1914
761
372
762
783
786
837
721
762
644
763
854
896
776
346
763
764
789
768
753
760
785
801
764
765
878
610
900
335
898
765
456
353
766
841
821
747
471
766
751
503
539
767
796
779
759
767
754
753
764
768
789
1940
768
756
769
771
781
1914
761
749
769
770
890
868
104
949
280
770
771
790
781
769
756
1929
780
771
772
1914
781
1951
1943
772
773
1820
2107
1685
1813
1762
1745
773
774
1750
1063
943
859
843
1774
774
775
804
746
1649
834
775
663
346
763
776
896
731
741
587
776
777
1667
1397
1571
2000
2039
1896
2127
777
270
720
669
479
514
700
659
241
778
779
796
788
785
760
759
767
779
780
790
771
1929
1949
799
780
781
800
1951
772
1914
769
771
790
781
782
898
880
842
641
474
1096
810
782
78
783
786
762
372
861
828
783
78
784
828
890
174
389
914
784
760
779
785
788
806
801
764
785
786
837
762
783
78
16
1067
786
787
863
919
1527
120
1337
136
787
788
796
816
806
785
779
788
789
1940
768
764
801
1982
1967
789
781
771
780
790
799
800
790
791
1806
1711
1762
1712
1795
862
1767
791
351
792
2085
1738
1222
2028
143
792
793
1346
1484
1619
1622
970
793
794
895
888
1626
897
97
1092
794
458
795
865
376
270
289
795
796
816
788
779
767
539
811
796
797
2501
2525
435
858
29
2425
797
798
1958
803
808
799
1949
798
798
799
808
812
813
800
790
780
1949
799
790
799
800
813
817
1951
781
800
801
1733
1982
789
764
785
806
829
1641
801
802
1476
835
863
744
1011
802
803
1958
1968
807
808
798
803
804
834
869
827
170
746
775
804
805
869
385
498
420
155
864
848
819
805
806
816
823
829
801
785
788
806
807
1968
1752
840
830
808
803
807
798
803
807
808
830
824
812
799
808
282
188
809
1719
1684
1675
1683
389
174
809
810
958
878
898
782
1096
810
811
816
796
539
549
560
1071
838
811
808
812
824
832
813
799
812
813
817
800
799
812
832
825
813
814
2029
1985
817
833
814
471
747
815
852
657
240
979
815
816
838
823
806
788
796
811
816
817
833
814
1985
1951
800
813
825
817
818
1616
1512
912
968
1620
818
819
869
805
848
186
827
819
696
820
885
433
886
750
822
820
747
766
821
841
698
683
512
701
821
820
750
822
907
917
916
696
822
823
1003
839
829
806
816
838
823
808
824
830
831
846
832
812
824
817
813
825
832
846
856
833
825
826
1456
1281
1399
1601
891
1350
1549
1623
1516
826
827
920
948
927
170
804
869
819
186
827
828
868
890
784
78
783
861
828
829
1729
1641
801
806
823
839
829
830
845
831
824
808
807
840
830
831
903
846
824
830
845
874
831
832
846
825
813
812
824
832
814
817
825
833
856
847
2067
2029
833
775
834
1649
1437
2157
498
385
869
804
834
835
919
863
802
1476
1494
1417
1422
1349
835
836
1702
1394
1748
1804
1703
1679
836
837
1067
1047
920
848
721
762
786
837
838
1003
823
816
811
1071
1050
838
839
1729
829
823
1003
1004
839
840
1752
1818
1780
1473
845
830
807
840
698
821
766
353
841
632
611
477
641
782
842
880
853
1037
842
843
1774
774
859
1749
1788
843
844
1081
962
1239
1214
855
889
844
831
830
840
845
1473
874
845
825
832
824
831
846
903
883
856
846
847
2067
833
856
2108
1732
847
805
848
864
721
837
920
186
819
848
849
953
1033
853
335
943
849
850
1617
1618
1579
1545
1514
1605
850
20
851
1829
1811
1450
1830
851
657
815
747
701
581
706
3
852
853
1037
842
880
898
335
849
1033
853
347
293
693
854
896
763
644
854
177
855
884
889
844
1214
1243
855
846
856
883
875
2108
847
833
825
856
347
154
349
857
992
857
858
996
877
29
797
435
1009
858
335
859
900
913
1749
843
774
943
859
860
1011
744
136
1359
1624
128
911
860
828
783
372
861
925
981
868
861
862
1767
791
1795
176
1611
2181
862
136
744
802
835
863
919
787
863
805
155
365
864
921
721
848
864
795
458
696
865
916
915
4
376
865
866
1608
1624
1359
918
622
1074
866
172
867
884
1110
977
476
1060
867
861
868
981
104
770
890
828
868
385
805
819
827
804
834
869
870
1589
1053
1514
1422
1436
870
365
155
283
871
892
909
871
872
1041
1007
1535
323
173
597
1497
872
873
915
916
901
881
1723
1677
873
831
845
874
1473
902
882
903
874
856
875
883
894
2146
2108
875
876
1081
1602
974
1337
1382
876
877
1424
1186
705
29
858
996
877
810
878
958
610
765
898
878
879
1124
1126
1131
1132
1909
879
853
842
782
880
898
880
881
1723
873
901
902
1473
881
882
903
874
902
907
750
908
882
875
856
846
883
903
894
883
884
1110
867
172
918
1602
889
855
177
884
242
433
820
696
458
885
504
886
1744
1691
750
820
433
886
887
1942
905
150
323
1535
1007
1619
1580
2065
887
888
1028
993
1626
794
895
1060
888
844
855
884
889
1602
1081
889
280
174
784
828
868
770
890
826
891
1601
1515
1478
1550
1350
891
892
1573
1513
1969
909
871
283
904
892
4
893
915
1099
1113
608
906
893
894
908
2146
875
883
903
894
895
1060
888
794
1092
745
1393
895
776
763
854
693
473
666
557
731
896
897
1626
994
97
794
897
878
765
335
853
880
782
810
898
899
1446
516
2388
2188
2121
899
353
900
913
859
335
765
610
698
900
901
907
902
881
873
916
917
901
882
874
902
1473
881
901
907
902
874
882
903
908
894
883
846
831
903
892
283
420
904
1946
1441
1573
904
887
905
1942
2058
150
905
893
608
661
376
4
906
882
902
901
907
917
822
750
907
908
2146
894
903
882
750
1691
2165
908
871
892
909
1969
990
365
909
910
1305
1030
563
1029
995
1008
910
911
1324
1336
1011
860
128
911
912
1625
968
818
1512
1593
912
913
1749
859
900
353
219
913
784
389
914
1019
252
231
78
914
915
1677
1026
1086
1099
893
4
865
916
873
915
696
822
916
917
901
873
915
865
916
901
916
822
907
917
622
866
918
1359
974
1602
884
172
918
919
1527
787
863
835
1349
919
920
1047
1022
940
948
827
186
848
837
920
365
372
721
864
921
922
1716
1817
924
927
928
1787
922
923
1789
1829
20
130
1036
935
923
924
1553
746
170
927
922
1817
924
112
925
2260
249
1454
981
861
372
925
926
1789
935
1063
1750
1797
1828
926
927
928
922
924
170
827
948
932
927
928
932
934
929
1787
922
927
928
929
1787
928
934
933
1091
1406
929
930
1072
243
1032
232
1018
997
1001
930
118
315
250
931
1108
362
931
932
940
955
934
928
927
948
932
929
933
934
956
985
1091
933
929
928
932
934
955
956
933
934
935
1063
926
1789
923
1036
964
953
935
936
941
1018
1108
1048
431
936
937
1216
391
77
25
646
279
1206
1182
937
38
938
998
1501
973
1062
211
986
938
279
359
614
939
1101
1206
939
940
948
920
1022
955
932
940
207
228
339
941
1018
936
431
941
942
969
390
1013
101
211
1056
944
942
943
953
849
335
859
774
1063
943
942
944
1056
1021
1023
967
969
944
560
149
148
27
945
1112
1107
1097
945
557
946
961
1652
1662
741
731
946
358
361
585
947
1078
317
324
983
1172
947
932
927
827
920
940
948
282
280
770
104
709
173
323
150
949
475
950
1014
1114
1069
967
1084
83
950
951
2164
1706
1749
219
456
984
2117
951
952
1657
1015
1021
1049
5
1664
952
935
953
964
1102
1033
849
943
1063
953
954
992
349
84
719
571
758
954
934
932
940
955
1022
991
1035
956
955
956
1254
985
933
934
955
1035
982
956
474
714
311
694
83
957
1059
1096
957
958
1096
1002
1016
513
610
878
810
958
959
1658
1458
1277
1015
1657
959
398
352
409
960
1068
1070
960
961
1652
946
557
972
1644
961
962
2527
1239
844
1081
2525
2501
962
963
977
1029
1604
1615
1028
971
963
953
935
964
1036
1052
1102
964
965
2160
2091
1600
1330
1609
1441
965
966
1811
1829
1828
1490
1457
1785
966
944
967
1023
1084
950
1069
969
967
912
968
1625
1391
1546
1620
818
968
944
967
969
1069
390
942
969
970
1346
793
1622
1574
1598
1526
970
963
971
1028
476
977
971
961
557
972
989
980
1644
972
973
1521
1100
1062
938
1501
973
876
974
1602
918
1359
136
1337
974
975
1664
5
1073
1054
253
1019
1683
975
976
998
38
1592
1578
1590
1511
1556
976
971
476
867
977
1110
995
1029
963
977
978
1828
1797
1821
1661
2182
1805
1807
1490
978
815
240
558
0
556
471
979
980
1644
972
989
1630
1633
980
925
981
1454
104
868
861
981
982
1254
956
1035
1242
1430
1405
982
983
1179
1172
947
324
316
308
1265
1273
983
951
456
556
0
984
1278
2117
984
985
1090
1091
933
956
1254
985
38
938
211
101
225
986
1572
986
129
251
987
1027
181
375
987
988
1102
1087
999
526
1033
988
989
1630
980
972
557
656
580
1044
989
365
909
990
1969
357
112
990
991
1022
1083
1035
955
991
857
349
954
758
528
293
347
992
993
1028
1603
1596
1626
888
993
994
1974
2163
97
897
1626
1614
1584
1613
994
910
995
1029
977
1110
1008
995
877
858
996
1009
1527
1318
1424
996
930
997
1018
339
1001
997
998
1556
1501
938
38
976
998
526
988
999
1087
1072
1012
715
999
317
1000
1078
1034
325
336
1000
930
997
339
163
387
1001
1072
1001
1002
1059
1076
1016
958
1096
1002
839
823
838
1003
1050
1004
1003
839
1003
1004
1050
1058
1025
1729
1004
76
1005
1085
291
1077
1051
181
1027
1005
1006
1567
1705
1039
1103
1088
1823
1006
887
1007
1535
872
1041
1619
1007
910
995
1008
1110
177
1243
1305
1008
858
435
120
1009
1527
996
1009
1010
2455
2425
29
1042
1010
1011
1476
802
744
860
911
1336
1011
715
999
1012
1072
387
261
1012
220
1013
1256
225
101
942
390
1013
377
1014
1114
950
475
89
717
555
1014
1015
1657
959
1277
1016
1043
1021
952
1015
1016
1076
1043
1015
1277
1101
513
958
1002
1016
745
1017
1610
1268
1031
1017
930
232
1018
1108
936
941
339
997
1018
914
389
1019
1683
975
253
252
1019
1020
1633
1045
1046
1432
142
1020
952
1015
1021
1043
1023
944
1056
1049
1021
955
940
920
1022
1047
1055
1083
991
1022
944
1021
1023
1043
1076
1084
967
1023
253
1024
1292
1173
350
231
252
1024
1025
1149
1729
1004
1058
1026
1636
1025
1026
1636
1025
1058
1107
1098
1086
915
1677
1026
6
315
76
1005
181
987
251
1027
963
1028
1615
1603
993
888
1060
476
971
1028
963
977
995
910
563
1029
1604
1029
1030
1195
1577
563
910
1305
1030
1031
1272
1608
1074
1393
745
1017
1268
1263
1031
232
930
243
1032
1036
130
1105
1032
853
849
953
1033
1102
988
526
600
1037
1033
1034
1057
363
364
337
325
1000
1078
1034
956
955
991
1035
1083
1095
1477
1242
982
1035
923
130
1032
243
1036
1052
964
935
1036
1033
600
632
842
853
1037
1038
1115
1103
1039
88
594
624
1038
1006
1039
1705
328
88
1038
1103
1039
1040
1089
1503
1823
1088
1104
1040
1041
1497
1606
1622
1619
1007
872
1041
1010
29
705
1042
1230
1255
2455
1042
1015
1016
1043
1076
1023
1021
1043
1044
1630
989
580
1045
1044
1045
1046
1020
1633
1630
1044
580
187
1045
187
1046
1066
1432
1020
1045
1046
837
1047
1067
1055
1022
920
1047
250
26
431
936
1048
1108
1048
1021
1049
1056
211
1062
5
952
1049
1050
1058
1004
1003
838
1071
1097
1107
1050
1051
1070
181
1005
1077
398
1051
1036
243
1052
1087
1102
964
1052
1053
1578
14
1605
1514
870
1589
1053
1054
1219
1292
253
975
1073
302
1054
1055
1106
254
271
1083
1022
1047
1067
1055
942
211
1049
1021
944
1056
585
522
386
363
1034
1057
1078
1057
1026
1025
1004
1050
1058
1107
1058
83
1059
1084
1076
1002
1096
957
1059
172
867
476
1028
888
895
1060
1393
622
1060
1061
1064
673
123
593
312
1068
1061
973
1062
1100
302
1073
5
1049
211
938
1062
953
943
774
1063
1750
926
935
1063
439
482
673
1061
1064
1068
1093
1064
1065
1293
2532
1924
1080
1886
1065
1066
1075
262
17
1094
1082
1432
1046
187
1066
786
16
1067
1106
1055
1047
837
1067
960
409
301
1068
1093
1064
1061
312
1070
1068
390
969
967
950
1069
1114
1069
181
1051
398
960
1068
312
108
1070
1050
838
811
560
1071
1097
1071
1001
387
1012
999
1072
1087
243
930
1072
5
1062
302
1054
975
1073
866
622
1074
1393
1031
1608
1074
478
490
262
1066
187
1075
1076
1084
1023
1043
1016
1002
1059
1076
1051
1005
291
209
398
1077
585
1057
1034
1000
317
947
1078
1079
1503
1089
1116
1117
1790
1815
1816
1079
1080
1886
1065
1924
1125
1146
1134
1080
1081
2525
962
844
889
1602
876
1382
1081
1082
1595
1637
1432
1066
1094
1082
1035
991
1022
1055
271
1083
1095
1083
1059
83
950
967
1023
1076
1084
118
366
291
1005
76
315
1085
915
1026
1086
1098
1099
1086
988
1087
1102
1052
243
1072
999
1087
1040
1088
1823
1006
1103
70
1104
1088
1089
1116
1079
1503
1040
1104
1089
1090
1254
1331
1379
609
1091
985
1090
933
985
1090
609
1091
1468
1406
929
1091
745
895
794
97
1092
1610
1092
1064
1068
301
193
439
1093
1094
1595
1082
1066
17
272
194
1111
1094
1095
1607
1477
1035
1083
271
7
1185
1095
810
782
474
957
1059
1002
958
1096
945
1097
1107
1050
1071
560
1097
1086
1026
1098
1107
1112
1113
1099
1098
1086
1098
1099
1113
893
915
1099
302
1062
973
1100
1521
1547
1557
1100
1101
1206
939
614
513
1016
1277
1101
964
1052
1087
988
1033
953
1102
1088
1006
1039
1038
1103
1115
70
1103
1104
1116
1089
1040
1088
70
139
352
1104
362
1105
1108
232
1032
130
144
1105
1067
16
254
1055
1106
1026
1058
1050
1097
945
1107
1112
1098
1107
250
1048
936
1018
232
1105
362
931
1108
1109
1779
1790
267
366
329
266
1109
177
1008
995
977
867
884
1110
1094
194
1111
1321
399
1595
1111
1112
1113
1098
1107
945
27
1112
1098
1112
27
578
608
893
1099
1113
1069
950
1014
377
340
390
1114
624
615
388
70
1103
1038
1115
352
398
209
1116
1117
1079
1089
1104
1116
1079
1116
209
267
1117
1790
1117
97
1118
2163
1279
2084
2056
1686
732
1300
1268
1610
1118
1119
2374
1152
1120
2375
2346
1119
1120
1140
2399
2375
1119
1152
1127
1120
1121
2456
1128
1129
2053
2504
1121
1122
2053
1129
1144
1343
1145
1130
1122
1123
1130
1145
1163
1132
1131
1374
1123
1124
1325
2530
2505
1126
879
1909
445
1124
1080
1125
1924
1950
1315
1133
1146
1125
1126
2505
2477
1363
1374
1131
879
1124
1126
1120
1127
1152
1166
1156
1140
1127
1128
1319
1143
1129
1121
2456
1128
1129
1328
1144
1122
2053
1121
1128
1143
1129
1122
1130
1145
1123
1374
2032
2053
1130
879
1126
1131
1374
1123
1132
1131
1131
1123
1132
1163
21
15
449
1909
879
1132
1133
1315
451
22
1146
1125
1133
1080
1134
1146
1159
1170
1135
1886
1134
1134
1135
1170
30
1160
1136
1886
1135
1135
1136
1160
446
1137
1294
1886
1136
1137
2076
1632
1293
1294
1136
446
1525
1137
1138
1455
1845
2015
1902
1138
1139
2374
2359
1155
1150
1151
1139
1127
1140
1156
1153
1141
2426
2427
2399
1120
1140
1140
1141
1153
1142
1319
2445
2426
1141
1141
1142
1153
1326
1327
1319
1142
1143
1319
1327
1328
1129
1128
1143
1144
1343
1122
1129
1328
1356
1144
1145
1356
1372
1167
1163
1123
1130
1122
1343
1145
1125
1133
22
1146
1180
1169
1159
1134
1080
1146
1147
2039
733
1465
2191
138
269
1704
1147
1148
2004
1845
455
463
1474
1148
1149
1636
1674
1780
1645
1729
1025
1149
1150
1165
1162
1151
1139
1155
1345
1150
1151
2374
1139
1150
1162
1152
1151
1151
1152
1162
1166
1127
1120
1119
2374
1152
1141
1140
1153
1156
1174
1342
1326
1142
1153
1154
1290
1282
1285
1175
1251
1264
1203
1154
1155
1345
1150
1139
2359
1878
1333
1155
1153
1140
1127
1156
1166
1368
1174
1156
1157
1252
1198
2516
1709
2085
1157
1158
1260
1304
1176
1275
367
1161
1158
1134
1146
1159
1169
1197
1170
1159
1135
30
31
446
1136
1160
1158
367
342
1161
1248
1306
1260
1161
1162
1165
1166
1152
1151
1150
1162
1163
1167
21
1132
1123
1145
1163
1164
2476
2462
1419
1456
1240
2453
1164
1165
1367
1368
1166
1162
1150
1345
1165
1166
1368
1156
1127
1152
1162
1165
1166
1167
1372
1378
511
39
21
1163
1145
1167
1168
1260
1208
1244
1304
1168
1169
1205
1197
1159
1146
1180
1169
1134
1159
1170
1197
61
31
30
1135
1170
1171
1172
1179
1271
345
395
370
384
1171
384
1172
1257
358
947
983
1179
1171
1172
1173
1495
7
271
350
1024
1292
1201
1173
1174
1347
1342
1153
1156
1368
1177
1178
1174
1175
1285
300
341
87
1251
1154
1175
1176
1275
1158
1304
1241
1195
1266
1258
1176
1177
1192
1202
1178
1174
1368
1177
1178
1210
1369
1347
1174
1177
1202
1178
1172
983
1179
1273
1271
1171
1179
1169
1146
22
60
1180
1204
1205
1180
1181
1912
2529
2528
1496
1187
1181
1182
1216
937
1206
1277
1524
1344
1182
1183
2028
1222
2499
2464
1208
1233
1183
220
340
1184
1285
1282
1469
1188
1256
1184
1185
1392
1607
1095
7
8
1335
1185
1186
1449
1309
1314
705
877
1424
757
1186
1187
2066
1912
1181
1496
1466
1507
2075
1187
1188
1579
1566
1256
1184
1469
1188
1189
1292
1219
1375
1526
1438
1201
1189
1190
1565
1244
1208
2464
2443
592
1190
1191
1298
1303
1276
1283
1265
1191
1192
1389
1402
1202
1177
1368
1366
1192
1193
1212
1194
1386
1385
1384
1390
1404
1193
1194
1386
1193
1212
1225
68
46
57
1194
1195
1305
1266
1176
1241
1564
1563
1577
1030
1195
90
1196
1213
1204
60
96
1196
71
61
1170
1159
1169
1197
1205
1197
1198
1235
1234
1157
1252
1245
1198
307
1199
1270
1271
1283
1199
1200
1295
1264
1251
137
1302
1288
1200
1201
1495
1173
1292
1189
1438
1201
1202
1210
1178
1177
1192
1402
1209
1202
1203
1314
1309
1290
1154
1264
1259
1203
1196
1204
1213
1205
1180
60
1204
1205
1213
71
1197
1169
1180
1204
1205
1182
937
279
939
1101
1206
1277
1206
1207
1276
1215
236
265
257
297
298
1207
1190
1208
1244
1168
1260
1233
1183
2464
1208
1209
1411
1217
1210
1202
1402
1209
1209
1210
1217
1376
1369
1178
1202
1210
1211
1289
2063
164
2116
1447
1426
2128
2037
1211
1212
1404
1247
1225
1194
1193
1212
90
1213
1221
1226
71
1205
1204
1196
1213
1214
1239
1258
1266
1243
855
844
1214
1215
1286
1310
1312
236
1207
1276
1215
1216
1439
391
937
1182
1344
1216
1217
1376
1210
1209
1411
1228
1224
1217
1218
2388
516
2066
2075
1510
592
2499
1866
1218
1219
1557
1620
1375
1189
1292
1054
302
1219
1220
2488
1255
1230
1259
1295
1288
1220
111
1221
1226
1213
90
110
1221
792
1222
1738
1866
2499
1183
2028
1222
733
1223
1435
463
1523
2192
1465
1223
1217
1224
1228
1229
1403
1376
1224
102
95
68
1194
1212
1225
1247
1237
1225
111
1226
1227
72
71
1213
1221
1226
1227
1238
73
72
1226
111
1249
1227
1217
1228
1411
1229
1224
1228
1229
1403
1224
1228
1234
1235
1404
1229
705
1230
1314
1259
1220
1255
1042
1230
1231
1617
14
1592
1572
1256
1566
1618
1231
134
105
85
80
79
1232
1250
1232
1183
1208
1233
1260
1313
263
1570
2028
1233
1229
1198
1234
1235
1234
1235
1245
1236
1404
1229
1234
1198
1235
1236
1247
1404
1235
1245
1246
1236
1237
1770
1262
102
1225
1247
1246
2412
1237
73
1227
1238
1249
1284
1250
79
1238
1239
1258
1214
844
962
2527
2500
1239
1240
2453
1164
1456
1606
2435
1240
1241
1244
1564
1195
1176
1304
1241
1242
1430
982
1035
1477
1242
855
1214
1243
1266
1305
1008
177
1243
1208
1190
1244
1565
1564
1241
1304
1168
1244
1245
2413
1453
1246
1236
1235
1198
1252
1245
1246
2412
1237
1247
1236
1245
1453
1246
1246
1237
1225
1212
1247
1404
1236
1247
342
354
303
1248
1306
1161
1248
1227
111
159
1249
1291
1284
1238
1249
134
1232
79
1238
1250
1284
146
1250
1200
1251
1264
1154
1175
87
229
137
1251
1252
2413
1245
1198
1157
2085
1252
1253
1846
1261
452
453
440
1840
1253
1254
1405
1331
1090
985
956
982
1254
1255
2488
2491
2455
1042
1230
1220
1255
225
1013
220
1184
1188
1256
1566
1231
1572
1256
361
358
1172
384
371
396
1257
1258
2500
1275
1176
1266
1214
1239
1258
1203
1259
1264
1295
1220
1230
1314
1259
1161
1260
1306
1313
1233
1208
1168
1304
1158
1260
452
1253
1261
1846
1627
1632
2076
1261
1262
2461
102
1237
1770
1262
1031
1263
1268
1300
2097
2098
1984
1272
1263
1154
1251
1200
1264
1295
1259
1203
1264
1191
1265
1283
1273
983
308
1298
1265
1176
1195
1266
1305
1243
1214
1258
1266
1267
1312
166
196
236
1267
1118
1268
1300
1263
1031
1017
1610
1268
1269
1802
1534
1558
1629
2062
1269
345
1270
1271
1199
307
322
355
356
1270
1171
1179
1271
1273
1283
1199
1270
345
1271
1263
1272
1984
128
1624
1608
1031
1272
1179
983
1265
1273
1283
1271
1273
1274
2513
1302
137
338
310
1740
1274
1275
2489
392
367
1158
1176
1258
2500
1275
1276
1286
1215
1207
298
1283
1191
1303
1276
1182
1206
1101
1016
1015
959
1277
1458
1524
1277
1278
2117
984
0
2035
2037
2138
1278
1279
2084
1118
2163
1974
1849
2158
1279
1280
1287
455
1845
2185
1280
1281
1381
1399
826
1456
1419
2462
1281
1282
1469
1184
1285
1154
1290
1282
1199
1271
1273
1265
1191
1276
298
307
1283
1284
1291
1311
146
1250
1238
1249
1284
300
1175
1154
1282
1184
340
121
1285
1286
1303
216
205
1310
1215
1276
1286
1287
2152
2184
1523
463
455
1280
2185
1287
1220
1288
1295
1200
1302
2488
1288
1289
2037
2035
1850
2063
1211
1289
1282
1154
1203
1290
1309
1469
1290
1291
1311
1284
1249
159
1296
1291
1201
1173
1024
253
1054
1219
1189
1292
1293
1886
1294
1137
1632
2532
1065
1293
1293
1294
1886
1136
1137
1294
1259
1264
1200
1288
1220
1295
1291
159
166
1296
1312
1310
1299
1311
1296
1297
1764
1763
188
2058
1520
2003
1867
1297
1265
308
246
245
1298
1303
1191
1298
1299
1310
205
160
1311
1296
1299
1263
1268
1118
732
1300
2097
1300
1301
1959
1974
1445
2186
1352
1301
1302
2524
2488
1288
1200
137
1274
2513
1302
1298
245
216
1286
1276
1191
1303
1158
1260
1168
1244
1241
1176
1304
1008
1243
1266
1195
1030
910
1305
1306
1313
1260
1161
1248
303
1306
1307
1838
2000
2144
1308
1474
1307
1308
1707
1755
1474
1307
2144
1934
1308
1309
1469
1290
1203
1314
1186
1449
1309
1296
1310
1312
1215
1286
205
1299
1310
1296
1299
160
146
1284
1291
1311
166
1267
236
1215
1310
1296
1312
303
273
263
1233
1260
1306
1313
1309
1203
1259
1230
705
1186
1314
1315
1950
1325
445
450
451
1133
1125
1315
1316
1338
1351
1322
1317
2202
1316
1317
2215
2202
1316
1322
2230
1317
1318
1424
996
1527
1349
1514
1545
1318
1142
1319
1327
1143
1128
2456
2445
1141
1319
1320
1550
1478
1500
1468
1379
1486
1320
1321
1447
399
1111
194
391
1439
1448
1321
1317
1316
1322
1351
1361
1339
1362
1323
2230
1322
1323
1868
2230
1322
1362
1340
1323
1324
2074
1470
1336
911
128
1984
1324
445
1315
1325
1950
2531
2530
1124
1325
1326
1353
1354
1355
1327
1142
1153
1342
1326
1142
1326
1327
1355
1334
1328
1143
1319
1327
1143
1327
1328
1334
1356
1144
1129
1328
1329
1350
1536
1418
1423
1357
1517
1329
1330
1609
965
1600
2022
1500
1330
1331
1405
1379
1090
1254
1331
1332
1725
1737
1351
1338
1769
1809
1433
1332
1333
1883
1341
1345
1155
1878
1333
1334
1348
1356
1328
1327
1355
1334
1335
1621
1358
1537
1599
1392
1185
8
1495
1335
1011
911
1324
1336
1470
1476
1336
974
136
787
120
1337
1382
876
1337
1338
2202
1769
1332
1351
1316
1338
1339
1362
1322
1361
1380
1751
1339
1340
1868
1323
1362
1911
1881
1340
1341
1345
1333
1883
1721
1365
1366
1341
1326
1153
1174
1342
1347
1353
1342
1145
1122
1144
1343
1356
1343
1344
1373
1498
1439
1216
1182
1524
1344
1345
1366
1367
1165
1150
1155
1333
1341
1345
1346
1484
793
970
1526
1346
1178
1347
1369
1377
1353
1342
1174
1347
1348
1356
1334
1355
1370
1348
919
835
1349
1422
1514
1318
1527
1349
1350
1517
1549
826
891
1550
1536
1329
1350
1351
1361
1322
1316
1338
1332
1737
1360
1351
1301
1352
2186
1455
1902
1849
1959
1352
1342
1347
1353
1377
1354
1326
1353
1354
1370
1355
1326
1353
1377
1383
1354
1348
1334
1327
1326
1354
1355
1370
1355
1343
1144
1328
1334
1348
1356
1370
1371
1372
1145
1356
1357
1599
1517
1329
1423
1607
1392
1357
1358
1591
1499
1537
1335
1621
1358
860
136
974
918
866
1359
1624
1359
1360
1380
1361
1351
1737
1699
1387
1388
1360
1339
1322
1351
1360
1361
1380
1361
1340
1323
1322
1339
1362
1751
1736
1911
1362
1126
1363
2477
2517
2032
1374
1363
1364
1366
1365
1722
1926
1389
1364
1365
1722
1364
1366
1341
1721
1651
1365
1341
1365
1364
1366
1389
1192
1368
1367
1345
1366
1345
1366
1367
1368
1165
1367
1165
1367
1366
1192
1177
1174
1156
1166
1368
1178
1210
1369
1376
1377
1347
1369
1348
1355
1354
1370
1383
1384
1385
1371
1356
1370
1371
1372
1356
1370
1385
1378
1371
1372
1378
1167
1145
1356
1371
1372
1373
1524
1647
1467
1498
1344
1373
1126
1363
1374
2032
1130
1123
1131
1374
1375
1620
1484
1526
1189
1219
1375
1224
1376
1403
1390
1377
1369
1210
1217
1376
1377
1390
1383
1354
1353
1347
1369
1376
1377
1371
1378
1385
1386
511
1167
1372
1378
1379
1486
1320
1468
609
1090
1331
1405
1379
1380
1388
1751
1339
1361
1360
1380
357
1381
1969
1399
1281
2462
1381
1081
876
1337
120
435
1382
2525
1382
1383
1384
1370
1354
1377
1390
1383
1384
1390
1193
1385
1370
1383
1384
1378
1371
1370
1384
1193
1385
1386
1385
57
511
1378
1385
1193
1194
1386
1387
1699
1921
1395
1388
1360
1387
1360
1387
1388
1395
1396
1935
1751
1380
1388
1366
1364
1389
1926
1409
1410
1402
1192
1389
1376
1390
1403
1404
1193
1384
1383
1377
1390
1391
2180
1860
2065
1546
968
1625
1391
1335
1392
1599
1357
1607
1185
1392
622
1060
895
745
1031
1074
1393
1394
1702
1822
1450
1811
1748
836
1394
1395
1396
1388
1387
1921
1400
1395
1396
1935
1388
1395
1400
1401
1396
1397
1571
777
1667
1771
1653
1934
1397
1398
1933
1412
1427
1921
1894
1398
1399
1425
1601
826
1281
1381
1969
1399
1400
1401
1396
1395
1921
1407
1428
1413
1400
1401
1935
1396
1400
1413
1421
1966
1947
1401
1389
1402
1410
1411
1209
1202
1192
1402
1403
1404
1390
1376
1224
1229
1403
1193
1390
1403
1229
1235
1236
1247
1212
1404
982
1405
1430
1431
1486
1379
1331
1254
1405
1406
1716
1787
929
1091
1468
1500
2022
1908
1406
1400
1407
1921
1427
1460
1428
1407
1408
1414
1409
1926
1981
2024
2011
2012
1408
1409
1410
1389
1926
1408
1414
1409
1410
1416
1411
1402
1389
1409
1414
1415
1410
1402
1410
1411
1416
1228
1217
1209
1411
1412
1933
1932
1971
1442
1427
1398
1412
1401
1400
1413
1428
1421
1413
1414
2454
1415
1410
1409
1408
2012
1414
1410
1414
1415
2454
2502
2503
1416
1415
1415
1416
2503
1709
2516
1411
1410
1416
1417
1422
835
1494
444
1597
1436
1417
1418
1536
1485
1430
1477
1423
1329
1418
1419
2462
1281
1456
1164
1419
1420
1884
1844
1939
2189
2036
1479
142
1420
1421
1998
1990
1979
1966
1401
1413
1428
1444
1421
1422
1436
870
1514
1349
835
1417
1422
1357
1329
1418
1423
1477
1607
1423
1424
1545
757
1186
877
996
1318
1424
1425
1969
1513
1515
1601
1399
1425
1426
2128
1211
1447
1448
1498
1467
2174
1426
1412
1427
1442
1459
1460
1407
1921
1398
1427
1421
1413
1400
1407
1428
1460
1461
1444
1428
1429
1802
1676
1700
1696
1534
1429
1430
1485
1431
1405
982
1242
1477
1418
1430
1431
1485
1486
1405
1430
1431
1082
1432
1637
142
1020
1046
1066
1432
1332
1433
1809
2195
2193
1782
1725
1433
1434
2444
2027
2052
2072
2073
1463
2475
1434
1435
1838
463
1223
733
1435
1436
1589
870
1422
1417
1597
1590
1436
834
1437
1649
1600
2091
2157
1437
1438
1598
1621
1495
1201
1189
1526
1438
1439
1498
1448
1321
391
1216
1344
1439
1440
2034
755
154
1939
1844
1440
1441
2160
965
1609
1573
904
1946
1441
1442
1488
1471
1459
1427
1412
1971
1988
1442
1443
1460
1459
1472
1480
1443
1444
1998
1421
1428
1461
1451
1444
1301
1445
1974
1613
2161
2155
2136
2186
1445
1446
2121
2515
2529
516
899
1446
1447
2116
399
1321
1448
1426
1211
1447
1448
1498
1426
1447
1321
1439
1448
1309
1186
757
1449
1579
1469
1449
1450
1811
1394
1822
1830
851
1450
1444
1451
1461
2048
1998
1451
1452
1839
2196
2197
1642
1865
1873
1859
1452
1453
2412
1246
1245
2413
351
1453
591
104
981
925
249
459
1454
1455
1902
1352
2186
2173
2185
1845
1138
1455
1456
1568
1548
1606
1240
1164
1419
1281
826
1516
1456
966
1457
1490
1741
1646
1785
1457
1458
1647
1524
1277
959
1658
1458
1459
1460
1427
1442
1471
1472
1443
1459
1428
1407
1427
1459
1443
1460
1480
1461
1460
1461
2048
1451
1444
1428
1460
1480
1531
2059
1461
1462
1672
1714
1798
1744
504
1698
1462
1463
2514
2475
1434
2073
1482
1483
1464
1463
1463
1464
1483
2528
2514
1464
1223
1465
2192
2170
2183
2191
1147
733
1465
1466
1496
1506
1532
1519
1507
1187
1466
1426
1467
1498
1373
1647
2174
1467
1379
1320
1468
1500
1406
1091
609
1468
1449
1469
1579
1188
1184
1282
1290
1309
1469
630
1470
1476
1336
1324
2074
2014
2180
1625
1593
1470
1471
1472
1459
1442
1488
2047
1528
1489
1471
1443
1459
1471
1472
1489
1480
1472
1473
1723
881
902
874
845
840
1780
1473
1474
2002
2004
1148
463
1838
1307
1308
1755
1474
732
1475
2187
2182
1867
2003
1475
630
1476
1494
835
802
1011
1336
1470
1476
1418
1430
1242
1035
1095
1477
1607
1423
1477
891
1478
1515
1609
1500
1320
1550
1478
1479
2036
1668
1644
142
1420
1479
1461
1460
1443
1472
1480
1489
1518
1531
1480
1481
2115
2096
1492
1482
2073
1481
1463
1482
2073
1481
1492
1504
1483
1482
1483
2528
1464
1463
1482
1504
1496
1483
1484
1546
1580
1619
793
1346
1526
1375
1620
1484
1485
1536
1550
1486
1431
1430
1418
1485
1486
1550
1320
1379
1405
1431
1485
1486
1487
1646
1741
1807
1701
1648
1638
1487
1488
1988
2007
2047
1471
1442
1488
1489
1518
1480
1472
1471
1528
1529
1538
1489
966
1490
1828
978
1807
1741
1457
1490
1491
1731
1791
1631
1992
1760
1669
1491
1492
2096
2106
1504
1482
1481
1492
1493
2140
2148
2178
1730
1717
1742
1493
1476
630
444
1417
835
1494
1438
1495
1621
1335
8
7
1173
1201
1495
1181
1496
2528
1483
1504
1505
1506
1466
1187
1496
872
597
1497
2435
1606
1041
1497
1344
1373
1467
1426
1448
1439
1498
1358
1499
1591
1623
1549
1517
1599
1537
1499
1406
1468
1320
1478
1500
1609
1330
2022
1500
973
938
998
1501
1556
1581
1521
1501
1502
2059
1531
1552
2132
2133
2080
2049
1502
1503
1816
1781
1823
1040
1089
1079
1503
1496
1483
1482
1492
1504
2106
2137
1505
1504
1496
1504
1505
2137
1540
1541
1506
1505
1466
1496
1505
1506
1541
1532
1506
1187
1466
1507
1519
1508
1509
2075
1507
1508
1509
1507
1519
1542
1533
1508
1509
1533
592
1510
2075
1507
1508
1509
1218
1510
2075
1509
592
1510
1511
1590
1597
1512
1581
1556
976
1511
912
818
1512
1616
1521
1581
1511
1597
444
1593
1512
1513
1969
892
1573
1515
1425
1513
1514
1545
1318
1349
1422
870
1053
1605
850
1514
1515
1601
1425
1513
1573
1609
1478
891
1515
1516
1568
1456
826
1623
1591
1516
1517
1549
1350
1329
1357
1599
1499
1517
1480
1489
1518
1538
1531
1518
1508
1507
1466
1519
1532
1542
1519
1520
1942
1860
1991
2016
1957
2003
1297
2058
1520
1521
1547
1100
973
1501
1581
1512
1616
1521
1522
1765
1708
1575
1798
1714
1793
1522
1287
1523
2184
2192
1223
463
1523
1524
1647
1373
1344
1182
1277
1458
1524
1137
446
452
1525
2076
1525
1346
970
1526
1598
1438
1189
1375
1484
1526
1349
1318
996
1009
120
787
919
1527
1528
1529
1489
1471
2047
1551
1528
1529
1559
1530
1538
1489
1528
1551
1594
1582
1529
1530
1538
1529
1559
1530
1531
2059
1461
1480
1518
1538
1552
1502
1531
1506
1532
1541
1555
1542
1519
1466
1532
1508
1533
1542
1543
2397
592
1509
1533
1534
1802
1429
1696
1666
1558
1269
1534
887
323
872
1007
1535
1329
1350
1536
1550
1485
1418
1536
1358
1499
1537
1599
1335
1537
1531
1518
1489
1529
1530
1538
1559
1552
1538
1539
1583
1584
1560
2162
2126
2156
2161
1539
1540
1541
1505
2137
2162
1560
1614
1554
1540
1541
1555
1532
1506
1505
1540
1554
1585
1541
1519
1532
1542
1555
1561
1562
1543
1533
1508
1542
1533
1542
1543
1562
1569
2397
1543
1544
2397
1563
1564
1565
592
1544
1318
1514
850
1545
1579
757
1424
1545
968
1391
1546
2065
1580
1484
1620
1546
1547
1616
1620
1557
1100
1521
1547
1548
1622
1606
1456
1568
1574
1548
1549
1623
826
1350
1517
1499
1549
1350
891
1478
1320
1486
1485
1536
1550
1551
2090
2120
1594
1529
1528
2047
1551
1502
1531
1538
1552
1559
2150
2132
1552
1553
1649
746
924
1817
1908
1553
1541
1540
1554
1614
1596
1585
1554
1555
1561
1542
1532
1541
1585
1586
1555
976
1511
1556
1581
1501
998
1556
1100
1547
1557
1620
1219
302
1557
1534
1558
1666
1697
1634
1629
1269
1558
1559
2150
1552
1538
1530
1529
1582
2191
2183
2170
1559
1560
2162
1539
1584
1614
1540
1560
1561
1586
1587
1562
1542
1555
1561
1562
1576
1569
1543
1542
1561
1587
1588
1562
1563
1577
1195
1564
1544
2397
1569
1563
1195
1241
1244
1564
1565
1544
1563
1564
592
1544
1564
1244
1190
1565
1566
1579
1618
1231
1256
1188
1566
1567
1823
1803
1705
1006
1567
1568
1574
1548
1456
1516
1591
1621
1568
1563
1569
2397
1543
1562
1576
563
1577
1569
203
1570
2064
2028
1233
263
255
1570
1571
1934
2144
2000
777
1397
1571
1256
1231
1572
1592
38
986
225
1572
904
1441
1573
1609
1515
1513
892
1573
970
1574
1622
1548
1568
1621
1598
1574
1575
1775
2165
1691
1798
1522
1708
1575
1576
1588
563
1569
1562
1576
1030
1195
1563
1569
563
1577
1578
1589
1590
976
1592
14
1053
1578
1449
757
1545
850
1579
1618
1566
1188
1469
1579
1580
2065
887
1619
1484
1546
1580
1521
1501
1556
1511
1512
1581
1529
1582
1594
1612
2191
1559
1582
1583
2161
1613
1584
1539
1583
1584
1613
994
1614
1560
1539
1583
1584
1541
1554
1585
1596
1603
1586
1555
1585
1586
1587
1561
1555
1585
1603
1604
1586
1587
1604
1588
1562
1561
1586
1587
1562
1587
1588
1604
563
1576
1588
1053
870
1436
1589
1590
1578
1589
1436
1590
1597
1511
976
1578
1589
1590
1568
1516
1591
1623
1499
1358
1621
1591
976
38
1572
1231
14
1578
1592
1470
1593
1625
912
1512
444
630
1593
1582
1529
1551
1594
2120
2181
1611
1612
1594
1595
2116
1637
1082
1094
1111
399
1595
1585
1554
1596
1614
1626
993
1603
1596
444
1512
1511
1590
1436
1417
1597
1526
970
1574
1598
1621
1438
1598
1537
1499
1517
1357
1392
1335
1599
1330
965
1600
2091
1437
1649
1908
2022
1600
1399
1425
1515
891
826
1601
876
1081
889
884
918
974
1602
1603
1604
1586
1585
1596
993
1028
1615
1603
1586
1603
1604
1615
963
1029
563
1588
1587
1604
850
1514
1053
14
1605
1617
1605
1240
1456
1548
1606
1622
1041
1497
2435
1606
1392
1357
1423
1477
1095
1185
1607
1608
1624
866
1074
1031
1272
1608
1441
965
1330
1500
1478
1515
1573
1609
1118
1268
1017
745
1092
97
1610
862
176
269
1611
1612
1594
2181
1611
138
1612
2191
1582
1594
1611
269
1612
994
1584
1583
1613
2161
1445
1974
1613
1540
1560
1584
994
1614
1626
1596
1554
1614
963
1604
1603
1028
1615
1521
1512
818
1616
1620
1547
1616
1605
14
1231
1617
1618
850
1617
1617
1231
1566
1579
850
1618
1580
887
1007
1041
1619
1622
793
1484
1619
1616
818
968
1546
1484
1375
1219
1557
1547
1620
1598
1574
1568
1591
1358
1335
1495
1438
1621
793
1619
1041
1606
1548
1574
970
1622
1591
1516
826
1549
1499
1623
1272
128
860
1359
866
1608
1624
1391
968
912
1593
1470
1625
2180
1625
1596
1614
994
897
794
888
993
1626
1627
1875
1632
1261
1846
2522
2496
2508
1627
1628
1785
1653
1771
1748
1628
1269
1558
1629
1634
1825
1734
1694
1718
2062
1629
1045
1630
1633
980
989
1044
1630
1631
1992
1491
1791
1776
1663
1689
1631
1632
1875
2532
1293
1137
2076
1261
1627
1632
142
1633
1644
980
1630
1045
1020
1633
1629
1558
1634
1697
1695
738
1825
1634
1635
1694
1715
1760
1654
1718
1635
1025
1026
1636
1677
1674
1149
1636
142
1432
1082
1595
1637
2116
1884
1637
1638
1707
1646
1487
1648
1755
1638
1639
1693
1777
1700
1820
1772
1639
1640
1726
1734
738
1659
1816
1815
1640
1641
1645
1733
801
829
1729
1641
1642
1843
1865
1452
2197
1837
1642
1643
1792
1688
1781
1659
1695
1643
1644
1652
961
972
980
1633
142
1479
1668
1644
1645
1824
1733
1641
1729
1149
1780
1818
1645
1646
1785
1457
1741
1487
1638
1707
1646
1647
2174
1467
1373
1524
1458
1658
1647
1648
1755
1638
1487
1701
1650
1648
1649
1908
1600
1437
834
775
746
1553
1649
1648
1650
1701
2069
2002
1755
1650
1651
1882
1722
1365
1721
1877
1851
1861
1651
1652
1668
1662
946
961
1644
1652
1653
1707
1934
1397
1771
1628
1785
1653
1654
1758
1718
1635
1760
1992
1654
1655
1827
153
328
1705
1786
1656
508
1655
508
1655
1656
1786
1819
1773
1698
1656
1657
1664
1675
1665
1658
959
1015
952
1657
1647
1458
959
1657
1658
1665
2174
1658
1643
1659
1781
1816
1640
738
1695
1659
1660
1859
1808
2194
2196
1839
1660
1661
1867
2182
978
1821
1812
1661
1662
2054
741
946
1652
1668
1662
1663
1712
1813
1689
1631
1776
1768
1663
952
5
975
1664
1683
1675
1657
1664
1665
2174
1658
1657
1675
1670
1665
1666
1799
1792
1697
1558
1534
1696
1666
1667
2127
1776
1791
1731
1771
1397
777
1667
1662
1652
1644
1479
1668
2036
2054
1668
1669
1731
1491
1760
1759
1669
1670
2174
1665
1675
1684
2176
1670
1671
1756
1688
1792
1799
1680
1783
1819
1671
1672
1773
1783
1714
1462
1698
1672
1673
1783
1680
1696
1876
1735
1673
1149
1636
1674
1677
1723
1780
1674
1670
1665
1657
1664
1675
1683
809
1684
1675
1676
2107
1820
1700
1429
1802
1758
438
1676
1636
1026
915
873
1677
1723
1674
1677
1678
2175
1876
1777
1681
1692
1678
836
1679
1703
1743
1801
1831
1702
1679
1680
1696
1673
1783
1671
1799
1680
1681
1730
1692
1678
1777
1693
1710
1717
1681
1682
1754
1895
1794
2262
2263
2252
1682
1675
1664
975
1019
389
809
1683
1670
1675
809
1684
1719
1706
2176
1684
1685
1992
1689
1813
773
2107
438
1685
732
1118
1686
2056
1753
2187
1686
1687
1814
1832
1743
1761
1715
1694
1734
1687
1643
1688
1792
1671
1756
1781
1688
1631
1663
1689
1813
1685
1992
1689
1690
2266
1794
1861
2279
2280
1690
908
750
886
1691
1744
1798
1575
2165
1691
1678
1681
1692
1730
1746
2175
1692
1693
1772
1710
1681
1777
1639
1693
1694
1718
1629
1734
1687
1715
1635
1694
1643
1659
738
1634
1695
1697
1792
1695
1666
1534
1429
1696
1700
1777
1876
1673
1680
1799
1696
1697
1792
1695
1634
1558
1666
1697
1656
1698
1773
1672
1462
504
508
1698
1699
1893
1894
1921
1387
1360
1737
1725
1747
1699
1696
1429
1676
1700
1820
1639
1777
1700
1701
2069
1650
1648
1487
1807
1805
1753
1701
1679
1702
1831
1822
1394
836
1702
1703
1804
1727
1761
1743
1679
836
1703
1704
1896
2039
1147
269
176
1795
1768
1704
1705
1786
1655
328
1039
1006
1567
1803
1705
1706
2164
2176
1684
1719
1728
1763
1749
951
1706
1707
1934
1653
1785
1646
1638
1755
1308
1707
1708
2166
1775
1575
1522
1765
1746
1708
1416
1709
2503
2121
2188
2085
1157
2516
1709
178
1710
1742
1717
1681
1693
1772
1710
791
1711
1806
1784
1766
1720
1745
1762
1711
1712
1768
1795
791
1762
1813
1663
1712
1713
1747
1725
1782
1808
1713
1522
1714
1798
1462
1672
1783
1735
1793
1714
1715
1727
1760
1635
1694
1687
1761
1715
1716
1908
1817
922
1787
1406
1716
1493
1717
1730
1681
1710
1742
1717
1718
2062
1629
1694
1635
1654
1758
1802
1718
1706
1684
809
188
1719
1728
1719
1720
1745
1711
1766
178
1772
1820
1720
1651
1365
1341
1721
1883
1877
1721
1722
1938
1926
1364
1365
1651
1882
1895
1722
1674
1677
873
881
1473
1723
1780
1723
1724
2130
1796
1784
1806
2168
1724
1433
1725
1782
1713
1747
1699
1737
1332
1725
1726
1734
1640
1815
1779
1814
1726
1727
1759
1760
1715
1761
1703
1804
1727
1706
1719
188
1728
1763
1728
1004
1025
1149
1645
1641
829
839
1729
1730
2178
1746
1692
1681
1717
1493
1730
1731
1759
1804
1771
1667
1791
1491
1669
1731
1732
2067
847
2108
1775
2166
2099
1732
1641
1645
1733
1824
1982
801
1733
1734
1814
1687
1694
1629
1825
738
1640
1726
1734
1735
2175
1793
1714
1783
1673
1876
1735
1736
1925
1911
1362
1751
1935
1936
1736
1360
1351
1332
1725
1699
1737
1738
2085
2188
2388
1866
1222
792
1738
1739
1967
1982
1824
1818
1752
1983
1739
1274
310
570
639
647
1740
2490
2513
1740
1457
1490
1741
1807
1487
1646
1741
1742
2140
1493
1717
1710
178
2179
1742
1743
1761
1687
1832
1801
1679
1703
1743
504
1462
1744
1798
1691
886
1744
773
1745
1762
1711
1720
1820
1745
1708
1746
1765
2175
1692
1730
2178
2167
2166
1746
1747
1893
1699
1725
1713
1808
1859
1873
1747
1628
1748
1771
1804
836
1394
1811
1785
1748
1749
1763
1764
1788
843
859
913
219
951
1706
1749
926
1063
774
1750
1774
1797
1750
1736
1362
1339
1380
1388
1751
1935
1751
1752
1983
1739
1818
840
807
1968
1752
1753
2069
1701
1805
2187
1686
2056
2055
1753
1754
2252
2244
1868
1881
1895
1682
1754
1474
1308
1707
1638
1648
1650
1755
2002
1755
1756
1819
1803
1823
1781
1688
1671
1756
1757
2198
1836
1858
1843
1757
438
1676
1758
1802
1718
1654
1992
1758
1669
1759
1760
1727
1804
1731
1759
1491
1760
1992
1654
1635
1715
1727
1759
1669
1760
1703
1727
1715
1687
1743
1761
791
1711
1745
773
1762
1813
1712
1762
1706
1728
188
1297
1763
1764
1749
1763
1764
1812
1788
1749
1763
1297
1867
1764
1708
1522
1765
1793
2175
1746
1765
1766
2190
2179
178
1720
1711
1784
1766
1767
2169
2168
1806
791
862
2181
1767
1768
1896
1704
1795
1712
1663
1776
2127
1768
1332
1338
1769
2202
1809
1769
1770
2461
1262
1237
2412
2336
2265
1770
1628
1653
1397
1667
1731
1771
1804
1748
1771
1710
1693
1639
1772
1820
1720
178
1772
1656
1773
1819
1783
1672
1698
1773
1750
774
843
1774
1788
1821
1797
1774
1775
2146
2165
1575
1708
2166
1732
2108
1775
1768
1663
1631
1776
1791
1667
2127
1776
1700
1639
1693
1681
1678
1777
1876
1696
1777
266
329
1778
1800
1831
1801
1778
1779
1814
1726
1815
1790
1109
266
1832
1779
1645
1149
1674
1723
1473
840
1780
1818
1780
1688
1756
1781
1823
1503
1816
1659
1643
1781
1713
1725
1433
1782
2193
1808
1782
1735
1714
1672
1773
1783
1819
1671
1680
1673
1783
1784
2190
1766
1711
1806
1724
1796
1784
1653
1628
1748
1785
1811
966
1457
1646
1707
1785
1786
1819
1656
1655
1705
1803
1786
922
928
929
1406
1716
1787
1774
843
1749
1764
1788
1812
1821
1788
1789
1829
923
935
926
1828
1789
1790
1815
1079
1117
267
1109
1779
1790
1731
1667
1776
1631
1491
1791
1666
1792
1799
1671
1688
1643
1695
1697
1792
1793
2175
1765
1522
1714
1735
1793
1794
2266
2262
1682
1895
1882
1861
1690
1794
791
1712
1768
1704
176
862
1795
1796
2130
2143
2149
2190
1784
1724
1796
926
1750
1774
1797
1821
978
1828
1797
1462
1714
1522
1575
1691
1744
1798
1696
1680
1671
1792
1666
1799
1800
1831
1778
329
118
362
144
1830
1822
1800
1778
1801
1831
1679
1743
1832
266
1801
1802
2062
1718
1758
1676
1429
1534
1269
1802
1786
1705
1567
1803
1823
1756
1819
1803
1759
1727
1703
836
1748
1771
1731
1804
1805
1807
978
2182
2187
1753
1701
1805
1767
1806
2168
1724
1784
1711
791
1806
1741
1490
978
1805
1701
1487
1807
1713
1782
1808
2193
2194
1660
1859
1747
1808
1809
2195
1433
1332
1769
2202
2210
1809
1810
1841
1833
2200
737
1847
1856
1810
1785
1748
1394
1450
851
1811
1829
966
1811
1661
1812
1821
1788
1764
1867
1812
1762
773
1685
1689
1663
1712
1813
1814
1832
1687
1734
1726
1779
1814
1640
1815
1816
1079
1790
1779
1726
1815
1079
1815
1640
1659
1781
1503
1816
1817
1908
1553
924
922
1716
1817
1645
1780
840
1752
1739
1818
1824
1818
1671
1783
1773
1656
1786
1803
1756
1819
1820
2107
773
1745
1720
1772
1639
1700
1676
1820
1797
1774
1788
1812
1661
978
1821
1800
1822
1830
1450
1394
1702
1831
1822
1006
1088
1040
1503
1781
1756
1803
1567
1823
1818
1739
1824
1982
1733
1645
1824
1634
738
1734
1629
1825
440
1826
2523
2487
2522
1840
1826
508
433
242
88
153
1655
1827
1789
926
1797
978
1490
966
1828
1829
1828
1811
851
20
923
1789
1828
966
1829
851
1450
1822
1800
144
130
20
1830
1822
1702
1679
1801
1778
1800
1831
1779
266
1801
1743
1687
1814
1832
1833
2200
1810
1841
1834
2208
2214
1833
1834
2208
1833
1841
1842
2199
1834
1835
1858
1836
2201
2199
1842
1848
1835
1836
2201
1835
1858
1757
2198
1836
1642
1837
2197
2198
1843
1837
733
1838
2000
1307
1474
463
1435
1838
1839
1859
1660
2196
1452
1839
1826
1840
2522
1846
1253
440
1840
1841
1842
1834
1833
1810
1856
1857
1841
1835
1842
2199
1834
1841
1857
1848
1842
1757
1843
1858
1865
1642
1837
2198
1843
1844
1884
1997
2034
1440
1939
1420
1844
1845
2015
1138
1455
2185
1280
455
1148
2004
1845
1627
1261
1253
1840
1846
2522
1846
1847
1856
1810
737
1887
1888
1869
1847
1835
1842
1848
1857
1870
1871
1858
1848
1279
1849
1974
1959
1352
1902
2158
1849
1850
1989
2038
2063
1289
2035
0
373
1850
1851
2279
1861
1651
1877
1853
1852
1851
1852
1854
2330
2324
2279
1851
1853
1852
1852
1851
1853
1877
1862
1854
1853
1853
1854
1862
1863
2345
2330
1852
1854
1855
2259
1880
727
726
2251
2258
1855
1841
1810
1847
1856
1869
1857
1856
1848
1842
1841
1856
1857
1869
1870
1857
1843
1757
1836
1835
1848
1858
1871
1872
1865
1858
1452
1859
1873
1747
1808
1660
1839
1859
1860
2065
1391
2180
1991
1520
1942
1860
1651
1851
1861
2279
1690
1794
1882
1861
1854
1853
1862
1877
1883
1863
1862
1863
2359
2345
1854
1862
1883
1878
1863
725
1864
2261
1879
1885
1880
2259
2278
1864
1865
1873
1452
1642
1843
1858
1872
1891
1892
1865
1738
1866
2388
1218
2499
1222
1866
1812
1764
1297
1867
2003
1475
2182
1661
1867
1868
2230
1323
1340
1881
1754
2244
1868
1869
1870
1857
1856
1847
1888
1904
1905
1869
1848
1857
1869
1870
1905
1871
1870
1871
1872
1858
1848
1870
1905
1889
1906
1871
1872
1891
1865
1858
1871
1906
1890
1872
1747
1859
1452
1865
1873
1892
1933
1893
1873
1874
2002
2069
2055
2158
2015
1874
1875
2508
2532
1632
1627
1875
1735
1673
1696
1777
1678
1876
2175
1876
1851
1651
1721
1877
1883
1862
1853
1877
1863
1878
1883
1333
1155
2359
1878
1879
1885
1864
2261
1900
1899
1928
1879
1880
2259
1864
1885
1901
742
734
727
1855
1880
1340
1881
1911
1895
1754
1868
1881
1861
1794
1882
1895
1722
1651
1882
1863
1862
1877
1721
1341
1333
1878
1883
142
1637
1884
2116
1997
1844
1420
1884
1880
1864
1879
1885
1928
1901
1885
1134
1135
1136
1294
1293
1065
1080
1886
1887
1888
1847
737
743
1903
1916
1917
1887
1869
1847
1887
1888
1917
1904
1888
1889
1906
1871
1905
1919
1920
1889
1890
1965
1907
1891
1872
1906
1923
1931
1890
1891
1892
1865
1872
1890
1907
1891
1873
1865
1891
1892
1907
1933
1892
1873
1893
1933
1894
1699
1747
1893
1398
1894
1921
1699
1893
1933
1894
1895
1938
1722
1882
1794
1682
1754
1881
1911
1895
1896
2127
777
2039
1704
1768
1896
1897
2261
729
754
1913
1898
1897
1897
1898
1913
1927
1941
1899
1900
2261
1898
1899
1928
1879
1900
1898
1941
1958
1949
1899
1879
1900
2261
1898
1899
1900
1901
1929
756
735
742
1880
1885
1928
1901
1902
2158
1849
1352
1455
1138
2015
1902
1903
1915
1916
1887
743
761
1914
1903
1904
1905
1869
1888
1917
1922
1918
1904
1871
1870
1869
1904
1905
1918
1919
1889
1905
1890
1872
1871
1889
1906
1920
1923
1906
1907
1933
1892
1891
1890
1965
1932
1907
1406
1908
2022
1600
1649
1553
1817
1716
1908
879
1132
449
445
1124
1909
1910
2189
154
346
663
587
2054
2036
1910
1895
1881
1340
1362
1736
1911
1925
1938
1911
1912
2529
1181
1187
2066
516
1912
754
1913
1940
1927
1898
1897
1913
1903
761
769
781
772
1914
1943
1915
1914
1914
1915
1943
1944
1916
1903
1915
1916
1922
1917
1887
1903
1915
1944
1930
1916
1904
1888
1887
1916
1917
1922
1917
1918
1919
1905
1904
1922
1952
1953
1918
1889
1905
1918
1919
1953
1920
1919
1920
1923
1906
1889
1919
1953
1954
1955
1920
1400
1395
1387
1699
1894
1398
1427
1407
1921
1918
1904
1917
1916
1922
1930
1952
1922
1890
1906
1920
1923
1955
1931
1923
1924
2519
2480
2518
1950
1125
1080
1065
2532
1924
1925
1937
1956
1938
1911
1736
1936
1925
1926
1938
1973
1981
1408
1409
1389
1364
1722
1926
1898
1913
1927
1940
1948
1983
1941
1927
1901
1885
1879
1899
1928
1949
1929
1928
1928
1929
1949
780
771
756
1901
1929
1930
1952
1922
1916
1944
1970
1961
1930
1931
1965
1890
1923
1955
1945
1964
1931
1412
1932
1933
1907
1965
1971
1932
1894
1893
1873
1892
1907
1932
1412
1398
1933
1308
1934
2144
1571
1397
1653
1707
1934
1935
1947
1936
1736
1751
1388
1396
1401
1935
1925
1736
1935
1936
1947
1980
1937
1936
1936
1937
1980
1972
1956
1925
1937
1938
1956
1973
1926
1722
1895
1911
1925
1938
1844
1440
154
1939
2189
1420
1939
1927
1913
754
768
789
1940
1967
1948
1940
1899
1898
1927
1941
1983
1958
1941
1942
2058
905
887
2065
1860
1520
1942
1943
1960
1944
1915
1914
772
1951
1985
1943
1930
1916
1915
1943
1944
1960
1970
1944
1931
1945
1955
1977
1964
1945
498
1946
2091
2160
1441
904
420
1946
1401
1947
1966
1979
1980
1936
1935
1947
1927
1940
1948
1967
1983
1948
1928
1899
1949
1958
798
799
780
1929
1949
1325
1315
1125
1924
1950
2518
2506
2531
1950
1943
772
781
800
817
1951
1985
1951
1952
1962
1953
1918
1922
1930
1961
1986
1987
1952
1953
1954
1920
1919
1918
1952
1962
1963
1953
1954
1955
1920
1953
1963
1976
1954
1931
1923
1920
1954
1955
1976
1977
1945
1955
1925
1937
1956
1972
1999
2010
1973
1938
1956
1520
1957
2016
2139
2003
1957
1949
1899
1941
1958
1983
1968
803
798
1958
1352
1849
1959
1974
1301
1959
1960
1985
2005
1975
1970
1944
1943
1960
1952
1930
1961
1970
1986
1961
1962
1963
1953
1952
1987
1962
1963
1993
1976
1954
1953
1962
1987
2019
2006
1963
1964
1965
1931
1945
1977
1995
1996
1978
1964
1932
1907
1890
1931
1964
1965
1978
1971
1965
1421
1966
1979
1947
1401
1966
1967
1983
1948
1940
789
1982
1739
1967
1958
1968
1983
1752
807
803
1968
1399
1381
357
990
909
892
1513
1425
1969
1961
1930
1944
1960
1970
1975
1986
1970
1442
1412
1932
1965
1971
1978
1988
1971
1972
2001
1999
1956
1937
1980
2008
1972
1973
2010
1981
1926
1938
1956
1973
1613
1445
1301
1959
1849
1279
1974
2163
994
1974
1975
1986
1970
1960
2005
2030
1975
1955
1954
1963
1976
1993
1994
1977
1976
1964
1945
1955
1976
1977
1994
1995
1977
1978
1988
1971
1965
1964
1996
2021
1978
1979
1980
1947
1966
1421
1990
1979
1937
1936
1947
1979
1980
1990
2008
1972
1980
1981
2010
2024
1408
1926
1973
1981
1967
789
801
1733
1824
1739
1982
1739
1752
1968
1958
1941
1927
1948
1967
1983
1324
128
1272
1263
1984
2098
2074
1984
1985
2005
1960
1943
1951
817
814
2029
1985
1986
1987
1952
1961
1970
1975
2030
2018
1986
1963
1962
1952
1986
1987
2018
2019
1987
1442
1971
1978
1988
2021
2007
1488
1988
373
466
755
1989
2034
2038
1850
1989
1990
1998
2048
2008
1980
1979
1421
1990
1520
1860
1991
2180
2013
2016
1991
1758
1654
1760
1491
1631
1689
1685
438
1992
1993
1994
1976
1963
2006
2044
2046
1993
1994
1995
1977
1976
1993
2046
1994
1995
1996
1964
1977
1994
2046
2020
1995
1996
2021
1978
1964
1995
2020
1996
1844
1884
1997
2116
164
2038
2034
1997
1451
1998
2048
1990
1421
1444
1998
1999
2010
1956
1972
2001
2050
2009
1999
2000
2039
777
1571
2144
1307
1838
733
2000
2001
2008
2023
2050
1999
1972
2001
1755
1650
2002
2069
1874
2015
2004
1474
2002
1475
1867
1297
1520
1957
2003
2139
732
2003
1474
2002
2004
2015
1845
1148
2004
2005
2029
2067
2040
2030
1975
1960
1985
2005
1993
1963
2006
2019
2044
2006
2007
2047
1488
1988
2021
2079
2007
1972
1980
1990
2008
2048
2023
2001
2008
2009
2060
2061
2033
2010
1999
2050
2009
2010
2024
1981
1973
1956
1999
2009
2033
2010
2011
2012
1408
2024
2025
2026
2011
1414
1408
2011
2012
2026
2027
2444
2454
2012
2013
2014
2074
2098
2016
1991
2180
2013
2014
2180
1470
2074
2013
2014
2004
2002
1874
2015
2158
1902
1138
1845
2015
2016
2139
1957
1520
1991
2013
2098
2016
2017
2043
2019
2018
2030
2031
2042
2086
2057
2017
2018
2019
1987
1986
2030
2017
2018
2006
1963
1987
2018
2017
2019
2043
2044
2019
2020
2021
1996
1995
2046
2068
2078
2112
2079
2020
2007
1988
1978
1996
2020
2021
2079
2021
1500
1330
1600
1908
1406
2022
2008
2023
2048
2049
2080
2092
2050
2001
2023
2024
2033
2025
2011
1408
1981
2010
2024
2011
2024
2025
2033
2061
2051
2026
2025
2011
2025
2026
2051
2052
2027
2012
2026
2012
2026
2027
2052
1434
2444
2027
143
792
1222
1183
1233
1570
2028
2064
2028
1985
814
833
2029
2067
2005
2029
2018
1986
1975
2005
2030
2040
2041
2031
2017
2030
2017
2030
2031
2041
2077
2042
2031
1363
2032
2517
2053
1130
1374
2032
2010
2009
2033
2061
2025
2024
2033
1844
1997
2034
2038
1989
755
1440
2034
2035
2037
1278
0
1850
1289
2035
1420
2036
2189
1910
2054
1668
1479
2036
1211
2037
2128
2138
1278
2035
1289
2037
1850
1989
2034
1997
164
2038
2063
2038
1704
1896
777
2000
733
1147
2039
2030
2005
2040
2067
2041
2040
2041
2077
2031
2030
2040
2067
2100
2041
2017
2031
2042
2077
2086
2042
2019
2017
2043
2057
2044
2043
2044
2045
2046
1993
2006
2019
2043
2057
2103
2104
2044
2045
2046
2044
2104
2068
2045
2020
1995
1994
1993
2044
2045
2046
2068
2046
2047
2090
1551
1528
1471
1488
2007
2079
2047
2048
2059
2049
2023
2008
1990
1998
1451
1461
2048
1502
2049
2080
2023
2048
2059
2049
2050
2060
2009
1999
2001
2023
2092
2123
2050
2026
2025
2051
2061
2070
2082
2052
2051
2051
2052
2082
2071
2072
1434
2027
2026
2052
1130
2032
2053
2517
2504
1121
1129
1122
2053
1668
2036
1910
587
741
1662
2054
1874
2055
2069
1753
2056
2084
2158
2055
2056
2084
2055
1753
1686
1118
2056
2044
2043
2017
2057
2086
2111
2103
2057
1520
1297
188
282
150
905
1942
2058
1461
1531
1502
2049
2048
2059
2060
2094
2061
2009
2050
2123
2093
2060
2061
2094
2070
2051
2025
2033
2009
2060
2061
1269
1629
1718
1802
2062
2038
164
1211
1289
1850
2063
143
2028
1570
203
2064
2474
2064
1942
887
1580
1546
1391
1860
2065
516
1912
1187
2066
2075
1218
2066
2041
2040
2005
2029
833
847
1732
2067
2099
2100
2067
2046
2045
2068
2104
2087
2078
2020
2068
2002
1650
1701
1753
2055
1874
2069
2051
2061
2070
2094
2081
2082
2070
2071
2105
2095
2072
2052
2082
2071
2072
2083
2073
1434
2052
2071
2095
2072
1481
1482
1463
1434
2072
2073
2083
2115
2073
1984
2074
2098
2013
2014
1470
1324
2074
2066
1187
1507
1509
1510
1218
2075
1525
452
1261
1632
1137
2076
2077
2086
2042
2031
2041
2100
2110
2101
2077
2078
2112
2020
2068
2087
2088
2078
2079
2090
2047
2007
2021
2020
2112
2089
2079
2023
2049
1502
2080
2133
2092
2080
2081
2113
2105
2082
2070
2094
2124
2135
2081
2071
2052
2051
2070
2081
2082
2105
2082
2083
2095
2115
2073
2072
2083
2084
2158
2055
2056
1118
1279
2084
2085
2413
1252
1157
1709
2188
1738
792
351
2085
2017
2042
2077
2086
2101
2111
2057
2086
2087
2088
2078
2068
2104
2142
2143
2119
2087
2088
2112
2078
2087
2119
2088
2089
2090
2079
2112
2131
2089
2090
2120
1551
2047
2079
2089
2131
2090
2091
2157
1437
1600
965
2160
1946
498
2091
2023
2080
2092
2133
2122
2123
2050
2092
2060
2093
2123
2124
2094
2093
2093
2094
2124
2081
2070
2061
2060
2094
2072
2071
2095
2105
2125
2115
2083
2095
2096
2126
2106
1492
1481
2115
2156
2096
1300
732
2097
2139
2098
1263
2097
2098
2139
2016
2013
2074
1984
1263
2097
2098
2099
2100
2067
1732
2166
2109
2099
2100
2110
2077
2041
2067
2099
2109
2100
2101
2111
2086
2077
2110
2118
2101
2102
2103
2111
2129
2141
2102
2103
2104
2044
2057
2111
2102
2141
2103
2068
2045
2044
2103
2104
2141
2142
2087
2104
2105
2114
2125
2095
2071
2082
2081
2113
2105
2096
2106
2126
2137
1504
1492
2106
438
1685
773
1820
1676
2107
1775
1732
847
856
875
2108
2146
2108
2109
2110
2100
2099
2166
2147
2109
2101
2077
2100
2109
2110
2147
2118
2110
2102
2103
2057
2086
2101
2111
2118
2159
2129
2111
2089
2079
2020
2078
2088
2112
2119
2131
2112
2113
2135
2154
2136
2114
2105
2081
2113
2113
2114
2136
2155
2125
2105
2114
2073
2083
2095
2115
2125
2156
2096
1481
2115
164
1997
1884
1637
1595
399
1447
1211
2116
951
984
1278
2117
2138
2177
2164
2117
2118
2140
2159
2111
2101
2110
2147
2148
2118
2112
2088
2087
2119
2143
2130
2131
2119
2120
2181
1594
1551
2090
2131
2169
2120
1709
2121
2503
2502
2515
1446
899
2188
2121
2092
2122
2133
2151
2134
2123
2122
2060
2050
2092
2122
2123
2134
2124
2093
2123
2124
2134
2135
2081
2094
2093
2123
2124
2115
2095
2105
2114
2125
2155
2156
2125
2126
2156
1539
2162
2137
2106
2096
2126
1768
1776
1667
777
1896
2127
2128
2138
2037
1211
1426
2174
2128
2129
2149
2141
2102
2111
2159
2179
2129
2130
2131
2119
2143
1796
1724
2168
2130
2090
2089
2112
2119
2130
2131
2168
2169
2120
2131
1552
2132
2150
2172
2133
1502
2132
2133
2151
2122
2092
2080
1502
2132
2172
2133
2123
2122
2134
2151
2184
2152
2145
2135
2124
2134
2081
2124
2134
2135
2145
2153
2154
2113
2135
2136
2186
1445
2155
2114
2113
2154
2173
2136
1505
1504
2106
2126
2137
2162
1540
2137
1278
2037
2128
2138
2174
2177
2117
2138
2097
732
2003
1957
2016
2098
2139
2140
2159
2118
2148
1493
1742
2179
2140
2141
2143
2142
2104
2103
2102
2129
2149
2141
2087
2104
2141
2142
2143
2142
2119
2087
2142
2141
2143
2149
1796
2130
2143
2000
1571
1934
1308
1307
2144
2145
2153
2135
2134
2152
2145
2108
875
894
908
2146
2165
1775
2146
2147
2148
2118
2110
2109
2166
2167
2178
2147
2140
2118
2147
2148
2178
1493
2148
2143
2141
2129
2149
2179
2190
1796
2149
2150
2170
2171
2172
2132
1552
1559
2150
2151
2172
2184
2134
2122
2133
2151
2152
2185
2153
2145
2134
2184
1287
2152
2153
2154
2135
2145
2152
2185
2173
2153
2136
2113
2135
2153
2154
2173
2154
2125
2114
2136
1445
2155
2161
2156
2155
1539
2126
2096
2115
2125
2155
2156
2161
2156
1437
2091
498
834
2157
1279
1849
1902
2015
1874
2055
2084
2158
2129
2111
2118
2140
2159
2179
2159
1946
2091
965
1441
2160
1539
2156
2155
1445
1613
1583
2161
1539
1560
1540
2137
2126
2162
97
994
1974
1279
1118
2163
2117
2164
2177
2176
1706
951
2164
908
1691
1575
1775
2146
2165
1746
2166
2167
2147
2109
2099
1732
1775
1708
2166
2147
2166
1746
2167
2178
2167
2131
2130
1724
1806
1767
2168
2169
2168
2120
2131
2168
1767
2169
2181
2169
1559
2170
2183
1465
2192
2171
2150
2170
2170
2171
2192
2172
2150
2171
2133
2132
2150
2171
2172
2192
2184
2151
2172
2136
2154
2153
2173
2185
1455
2186
2173
2174
2176
2177
2138
2128
1426
1467
1647
1658
1665
1670
2174
1692
1746
1765
1793
1735
1876
1678
2175
1670
1684
1706
2164
2176
2177
2174
2176
2164
2117
2138
2174
2176
2177
2148
2147
2167
1746
1730
1493
2178
2179
2190
2149
2129
2159
2140
1742
178
1766
2179
1625
1470
2014
2013
1991
1860
1391
2180
2169
1767
862
1611
1594
2120
2181
1475
2182
2187
1805
978
1661
1867
2182
1559
2183
2191
1465
2170
2183
2152
2134
2151
2172
2184
2192
1523
1287
2184
1287
1280
1845
1455
2173
2153
2152
2185
2173
1455
1352
1301
1445
2136
2186
1686
1753
1805
2182
1475
732
2187
2085
1709
2121
899
2188
2388
1738
2188
1939
154
1910
2036
1420
2189
1796
2149
2179
1766
1784
2190
1559
1582
1612
138
1147
1465
2183
2191
1523
2184
2172
2171
2170
1465
1223
2192
2193
2194
1808
1782
1433
2195
2210
2203
2193
2194
2196
1660
1808
2193
2203
2211
2212
2194
2193
1433
1809
2195
2210
2195
2196
2197
1452
1839
1660
2194
2212
2204
2205
2196
2197
2205
2206
2198
1837
1642
1452
2196
2197
1843
1837
2197
2198
2206
2201
1836
1757
2198
2199
2208
1834
1842
1835
2201
2207
2199
2200
2219
2209
728
737
1810
1833
2214
2200
2199
1835
1836
2198
2201
2206
2207
2201
1316
1317
2202
2215
2210
1809
1769
1338
2202
2203
2211
2194
2193
2210
2220
2203
2204
2213
2205
2196
2212
2216
2204
2196
2204
2205
2213
2206
2197
2205
2206
2221
2207
2201
2198
2197
2205
2213
2217
2206
2199
2201
2206
2207
2221
2218
2208
2207
2207
2208
2218
2214
1833
1834
2199
2208
2209
2223
2242
723
728
2200
2219
2209
2203
2193
2195
1809
2202
2210
2215
2245
2220
2210
2211
2216
2212
2194
2203
2220
2231
2224
2211
2196
2194
2211
2212
2216
2204
2212
2213
2225
2226
2217
2206
2205
2204
2216
2213
2200
1833
2208
2214
2218
2222
2235
2219
2214
2215
2245
2210
2202
1317
2230
2236
2215
2213
2204
2212
2211
2216
2224
2232
2225
2216
2206
2213
2217
2226
2221
2217
2207
2218
2221
2228
2222
2214
2208
2218
2214
2219
2235
2229
2223
2209
2200
2219
2211
2203
2210
2220
2245
2246
2231
2220
2217
2221
2226
2227
2228
2218
2207
2206
2221
2222
2249
2241
2235
2214
2218
2228
2222
2223
2257
2242
2209
2219
2229
2250
2274
2223
2216
2211
2224
2231
2253
2232
2224
2225
2233
2238
2226
2213
2216
2232
2225
2226
2234
2227
2221
2217
2213
2225
2238
2239
2226
2227
2234
2240
2228
2221
2226
2227
2222
2218
2221
2227
2228
2240
2249
2228
2219
2229
2235
2241
2255
2256
2250
2223
2229
2230
2236
2215
1317
1322
1323
1868
2244
2230
2224
2211
2220
2231
2246
2253
2231
2225
2216
2224
2232
2253
2237
2233
2232
2232
2233
2237
2247
2238
2225
2233
2234
2248
2240
2227
2226
2239
2283
2234
2214
2222
2235
2241
2229
2219
2235
2236
2245
2215
2230
2244
2267
2236
2237
2247
2233
2232
2253
2271
2237
2226
2225
2233
2238
2247
2254
2239
2238
2234
2226
2238
2239
2254
2299
2283
2239
2240
2255
2249
2228
2227
2234
2248
2300
2240
2222
2241
2249
2255
2229
2235
2241
2242
2243
722
723
2209
2223
2257
2242
2243
2251
726
727
722
2242
2257
2243
2236
2230
1868
1754
2244
2252
2267
2244
2245
2246
2220
2210
2215
2236
2267
2269
2245
2246
2264
2253
2231
2220
2245
2269
2270
2287
2246
2247
2288
2298
2254
2238
2233
2237
2271
2247
2248
2283
2289
2300
2240
2234
2248
2249
2255
2241
2222
2228
2240
2249
2229
2250
2256
2290
2273
2274
2223
2250
2251
2257
2258
1855
726
2243
2251
2252
2267
2244
1754
1682
2263
2281
2252
2232
2224
2231
2246
2253
2264
2271
2237
2253
2239
2238
2247
2254
2298
2299
2254
2255
2300
2301
2256
2229
2241
2249
2240
2255
2250
2229
2255
2256
2301
2272
2290
2256
2257
2274
2275
2284
2285
2258
2251
2243
2242
2223
2257
2257
2258
2285
2276
2259
1855
2251
2258
2258
2259
2276
2278
1864
1880
1855
2259
249
925
112
357
2260
2476
2260
1898
1900
1879
1864
725
729
1897
2261
2262
2263
1682
1794
2266
2262
2263
2281
2252
1682
2262
2266
2263
2264
2271
2253
2246
2287
2297
2264
2265
2461
1770
2336
195
179
180
2265
2266
2281
2263
2262
1794
1690
2280
2347
2313
2295
2266
2267
2269
2245
2236
2244
2252
2281
2268
2267
2268
2296
2282
2269
2267
2281
2314
2268
2269
2270
2246
2245
2267
2268
2282
2269
2270
2287
2246
2269
2282
2270
2271
2288
2247
2237
2253
2264
2297
2316
2317
2271
2272
2301
2320
2290
2256
2272
2273
2274
2250
2290
2291
2303
2275
2273
2223
2250
2273
2274
2275
2257
2274
2274
2273
2275
2284
2257
2275
2276
2292
2310
2277
2278
2259
2258
2285
2276
2277
2293
2278
2276
2310
2277
1864
2259
2276
2277
2278
2293
2286
725
2278
2279
2280
1690
1861
1851
1852
2324
2279
2266
1690
2279
2280
2324
2347
2280
2268
2267
2252
2263
2266
2281
2295
2314
2281
2270
2269
2268
2282
2296
2287
2282
2234
2239
2283
2299
2328
2308
2289
2248
2283
2275
2284
2304
2285
2257
2284
2257
2284
2285
2304
2292
2276
2258
2285
2286
2305
724
729
725
2278
2293
2286
2264
2246
2270
2282
2287
2297
2287
2288
2327
2307
2298
2247
2271
2317
2288
2289
2300
2248
2283
2308
2319
2289
2290
2322
2302
2291
2273
2250
2256
2272
2320
2321
2290
2291
2302
2303
2273
2290
2291
2292
2304
2309
2310
2276
2285
2292
2293
2311
2305
2286
2278
2277
2310
2344
2293
2294
2460
2486
2526
2488
2524
2294
2295
2325
2314
2281
2266
2313
2348
2295
2296
2306
2282
2268
2314
2296
2271
2264
2287
2297
2316
2297
2298
2328
2299
2254
2247
2288
2307
2332
2298
2283
2239
2254
2298
2299
2328
2299
2300
2301
2255
2240
2248
2289
2319
2300
2301
2320
2272
2256
2255
2300
2319
2301
2302
2322
2303
2291
2290
2302
2291
2302
2273
2303
2285
2284
2304
2333
2309
2292
2304
2305
2311
2334
724
2286
2293
2305
2306
2315
2296
2314
2331
2306
2307
2340
2332
2298
2288
2327
2339
2307
2308
2328
2318
2341
2319
2289
2283
2308
2309
2344
2310
2292
2304
2333
2343
2356
2309
2293
2277
2276
2292
2309
2310
2344
2310
2311
2358
2334
2305
2293
2344
2366
2311
2312
2334
2335
748
752
724
2312
2313
2348
2295
2266
2347
2337
2313
2314
2331
2306
2296
2268
2281
2295
2325
2314
2315
2326
2306
2331
2338
2315
2271
2297
2316
2317
2316
2288
2271
2316
2317
2327
2317
2318
2369
2351
2341
2308
2328
2318
2301
2300
2289
2308
2319
2341
2320
2319
2319
2320
2341
2321
2290
2272
2301
2320
2321
2322
2290
2320
2341
2370
2363
2342
2321
2322
2342
2323
2302
2290
2321
2322
2323
2342
2329
2322
2323
2324
2347
2280
2279
1852
2330
2379
2324
2325
2349
2331
2314
2295
2348
2360
2361
2325
2326
2367
2350
2315
2338
2326
2317
2327
2339
2307
2288
2327
2283
2299
2298
2328
2332
2369
2318
2308
2328
2329
2353
2323
2342
2352
2329
2330
2379
2324
1852
1854
2345
2346
2375
2330
2331
2338
2315
2306
2314
2325
2349
2331
2332
2369
2328
2298
2307
2340
2376
2332
2304
2333
2343
2309
2333
724
2305
2311
2334
2358
2335
2312
2334
748
2312
2334
2335
2358
2396
2373
2335
2265
1770
2336
2412
351
143
2474
195
2336
2337
2348
2313
2347
2380
2337
2338
2367
2326
2315
2331
2349
2362
2338
2339
2340
2307
2327
2392
2339
2340
2376
2332
2307
2339
2392
2383
2340
2341
2351
2370
2321
2320
2319
2308
2318
2341
2321
2342
2363
2352
2329
2323
2322
2342
2309
2333
2343
2355
2356
2343
2311
2293
2310
2309
2344
2356
2357
2372
2366
2344
2345
2346
2330
1854
1863
2359
2374
2345
1119
2346
2375
2330
2345
2374
2346
2337
2313
2266
2280
2324
2347
2379
2380
2347
2325
2295
2313
2337
2348
2380
2381
2360
2348
2338
2331
2325
2349
2361
2362
2349
2350
2367
2368
2326
2350
2318
2351
2369
2408
2409
2370
2341
2351
2352
2353
2329
2342
2363
2385
2386
2364
2352
2353
2364
2354
2329
2352
2353
2354
2364
2371
2353
2354
2355
2394
2357
2356
2343
2365
2422
2355
2344
2309
2343
2355
2356
2357
2356
2344
2356
2355
2357
2394
2395
2372
2357
2358
2366
2378
2396
2335
2334
2311
2358
2345
1863
1878
1155
1139
2359
2374
2359
2325
2348
2360
2381
2361
2360
2349
2325
2360
2361
2362
2361
2362
2367
2338
2349
2361
2382
2362
2321
2363
2370
2377
2385
2352
2342
2363
2364
2371
2354
2353
2352
2386
2364
2365
2386
2422
2355
2371
2365
2311
2344
2366
2372
2378
2358
2366
2367
2382
2401
2402
2368
2350
2326
2338
2362
2367
2367
2368
2402
2390
2391
2350
2368
2328
2332
2369
2376
2408
2351
2318
2369
2363
2321
2341
2351
2370
2409
2377
2370
2371
2386
2365
2354
2364
2371
2372
2404
2387
2378
2366
2344
2357
2395
2372
472
751
748
2335
2373
2396
2373
2346
2345
2359
1139
1151
1152
1119
2374
2375
2379
2330
2346
1119
1120
2399
2375
2376
2408
2369
2332
2340
2383
2449
2376
2370
2377
2409
2384
2385
2363
2377
2378
2405
2396
2358
2366
2372
2387
2378
2379
2380
2347
2324
2330
2375
2399
2379
2380
2381
2348
2337
2347
2379
2399
2414
2389
2380
2348
2380
2381
2389
2360
2381
2362
2382
2401
2367
2382
2383
2420
2449
2376
2340
2392
2407
2419
2383
2377
2384
2409
2451
2410
2385
2384
2385
2403
2386
2352
2363
2377
2384
2410
2385
2364
2352
2385
2386
2403
2393
2422
2365
2371
2386
2378
2372
2387
2404
66
55
2405
2387
2188
899
516
1218
1866
1738
2388
2389
2400
2381
2380
2414
2389
2390
2438
2429
2391
2368
2402
2417
2418
2390
2391
2407
2392
2368
2390
2429
2391
2383
2340
2339
2391
2392
2407
2392
2393
2403
2431
2432
2433
2422
2386
2393
2394
2422
2434
2395
2357
2355
2394
2395
2404
2372
2357
2394
2434
2411
2395
2373
2335
2358
2378
2396
2405
472
2396
592
1533
1543
1569
1563
1544
2397
2398
2489
2500
2527
2436
2526
2406
2398
2399
2414
2380
2379
2375
1120
1140
2427
2399
2400
2415
2389
2414
2466
2400
2401
2402
2367
2382
2416
2401
2402
2416
2417
2390
2368
2367
2401
2402
2403
2410
2421
2431
2393
2386
2385
2403
2404
2411
462
66
2387
2372
2395
2404
2387
55
2405
2423
495
472
2396
2378
2405
2406
2463
392
2489
2398
2526
2486
2424
2406
2392
2391
2407
2429
2419
2383
2407
2408
2430
2457
2409
2351
2369
2376
2449
2408
2409
2457
2450
2451
2384
2377
2370
2351
2408
2409
2385
2384
2410
2451
2421
2403
2410
2395
2411
2434
740
462
2404
2411
1237
1246
1453
351
2336
1770
2412
1453
1245
1252
2085
351
2413
2400
2389
2380
2399
2414
2427
2426
2446
2466
2414
2415
2447
2400
2466
2415
2401
2416
2437
2428
2417
2402
2416
2417
2428
2418
2390
2402
2416
2417
2390
2417
2418
2428
2467
2468
2438
2418
2383
2407
2419
2429
2439
2420
2419
2419
2420
2439
2481
2507
2493
2449
2383
2420
2410
2421
2451
2470
2452
2431
2403
2421
2422
2472
2473
2434
2394
2355
2365
2386
2393
2433
2422
55
67
510
495
2405
2423
2424
2512
2463
2406
2486
2460
2490
2424
2425
2455
2491
2436
2527
2501
797
29
1010
2425
1141
2426
2445
2446
2414
2427
1140
2426
2414
2399
1140
2426
2427
2428
2437
2492
2467
2418
2417
2416
2428
2391
2390
2429
2438
2439
2419
2407
2429
2430
2449
2494
2457
2408
2430
2431
2440
2432
2393
2403
2421
2452
2431
2431
2432
2440
2441
2433
2393
2432
2422
2393
2432
2433
2441
2472
2433
2395
2394
2422
2434
2473
2442
740
2411
2434
1240
1606
1497
597
459
2435
2453
2435
2398
2436
2527
2425
2491
2526
2436
2437
2492
2428
2416
2448
2437
2438
2439
2429
2390
2418
2468
2481
2438
2420
2419
2429
2438
2439
2481
2439
2440
2452
2441
2432
2431
2440
2433
2432
2440
2441
2458
2472
2441
2442
2459
442
739
740
2434
2473
2442
2443
2499
592
1190
2464
2443
2444
2454
2012
2027
1434
2475
2465
2444
2426
1141
1319
2445
2456
2446
2445
2446
2466
2414
2426
2445
2456
2504
2477
2446
2447
2448
2415
2466
2478
2479
2447
2448
2492
2437
2447
2479
2448
2408
2376
2383
2420
2449
2493
2520
2494
2430
2449
2450
2457
2469
2470
2451
2409
2450
2451
2470
2421
2410
2384
2409
2450
2451
2431
2421
2452
2470
2440
2452
2453
2476
1164
1240
2435
459
249
2453
2012
2444
2454
2465
2502
1415
1414
2454
1042
1255
2455
2491
2425
1010
2455
2456
2504
2446
2445
1319
1128
1121
2456
2408
2430
2457
2494
2495
2469
2450
2409
2457
2458
2472
2441
2471
2483
2458
2459
2473
443
442
2442
2459
2424
2460
2486
2294
2524
2513
2490
2460
165
156
131
102
1262
1770
2265
180
2461
1381
1281
1419
1164
2462
2476
357
2462
410
392
2406
2424
2463
2512
2463
2464
2499
2443
1190
1208
1183
2464
2454
2444
2465
2475
2515
2502
2465
2466
2478
2447
2415
2400
2414
2446
2477
2505
2466
2467
2492
2518
2480
2468
2418
2428
2467
2468
2481
2438
2418
2467
2480
2468
2450
2457
2469
2495
2470
2469
2450
2469
2452
2421
2451
2470
2471
2497
2509
2483
2458
2482
2471
2433
2441
2458
2472
2483
2484
2485
2473
2422
2472
2442
2434
2422
2472
2473
2485
443
2459
2473
2064
203
212
195
2336
143
2474
2465
2444
1434
1463
2475
2514
2515
2475
249
2260
357
2462
1164
2453
2476
2477
2505
2466
2446
2504
2517
1363
1126
2477
2478
2506
2479
2447
2466
2505
2530
2478
2479
2492
2448
2447
2478
2506
2479
2480
2519
2481
2468
2467
2518
1924
2480
2439
2438
2468
2480
2481
2507
2420
2481
2482
2497
2471
2496
2482
2483
2484
2472
2458
2471
2509
2483
2484
2510
2498
2485
2472
2483
2509
2484
2485
2498
443
2473
2472
2484
2485
2424
2406
2486
2526
2294
2460
2486
2487
2509
2497
2522
1826
2523
2487
1288
1302
2488
2524
2294
2526
2491
1255
1220
2488
392
1275
2489
2500
2398
2406
2489
647
2490
2512
2424
2460
2513
1740
2490
2491
2526
2436
2425
2455
1255
2488
2491
2492
2506
2518
2467
2428
2437
2448
2479
2492
2449
2420
2493
2507
2520
2493
2494
2495
2457
2430
2449
2520
2521
2494
2495
2521
2469
2457
2494
2495
2496
2497
2482
2508
1627
2522
2496
2497
2522
2487
2509
2471
2482
2496
2497
443
2485
2484
2498
2510
2511
2498
1222
1866
1218
592
2443
2464
1183
2499
1275
1258
1239
2500
2527
2398
2489
2500
962
2501
2525
797
2425
2527
2501
1415
2454
2465
2502
2515
2121
2503
2502
1416
1415
2502
2121
1709
2503
2477
2446
2456
1121
2053
2504
2517
2504
2505
2530
2478
2466
2477
1126
1124
2505
2479
2478
2506
2530
2531
1950
2518
2492
2506
2481
2493
2420
2507
1627
2496
1875
2508
2509
2523
2510
2484
2483
2471
2497
2487
2509
2510
2523
441
2511
2498
2484
2509
2510
2498
2510
441
24
448
443
2511
647
639
676
654
410
2463
2424
2490
2512
1740
2490
2460
2513
2524
1302
1274
2513
2475
1463
1464
2514
2528
2529
2515
2514
2502
2465
2475
2514
2515
2529
1446
2121
2515
1709
1157
1416
2516
1363
2477
2504
2053
2032
2517
1950
1924
2480
2467
2492
2506
2518
2519
2532
2480
1924
2519
2493
2520
2521
2494
2449
2520
2494
2520
2495
2521
1826
2487
2497
2496
1627
1846
1840
2522
2487
1826
440
447
441
2510
2509
2523
2460
2294
2488
1302
2513
2524
2501
962
1081
1382
435
797
2525
2486
2406
2398
2436
2491
2488
2294
2526
2500
1239
962
2501
2425
2436
2398
2527
2514
1464
1483
1496
1181
2528
2529
2528
1446
2515
2514
2528
1181
1912
516
2529
2506
2478
2505
1124
1325
2530
2531
2530
2530
1325
1950
2506
2531
1924
1065
1293
1632
1875
2519
2532
