-170.09473
44.67955
36.56228
37.809544
1.4471439
-7.3743587
32.659706
24.310867
44.67955
-176.95769
31.355717
1.7753687
71.2169
-2.8646703
30.794823
31.355717
-176.70444
27.62343
25.849483
0.8971563
-0.7462762
91.72492
36.56228
1.7753687
27.62343
-177.81918
27.997746
81.66386
2.1965044
25.849483
-133.55603
31.906197
-0.46156046
51.726383
-0.73693424
25.272469
0.8971563
27.997746
31.906197
-143.90405
55.176632
-1.9686451
29.894972
37.809544
-226.97058
57.21731
17.649406
78.35541
-2.3674428
27.692944
10.613428
1.4471439
81.66386
57.21731
-247.55371
48.990192
2.5832613
55.651943
2.1965044
55.176632
48.990192
-281.04062
121.84326
52.834034
71.2169
-0.7462762
-189.04744
27.509228
65.917694
-10.659305
35.809193
91.72492
-0.46156046
27.509228
-210.07933
16.723303
-3.085642
77.66909
51.726383
16.723303
-180.7868
1.9951507
91.21041
18.37802
0.7535301
65.917694
-3.085642
-144.81018
23.271172
13.787742
17.26129
27.657925
77.66909
1.9951507
23.271172
-170.80975
26.630085
41.24425
91.21041
26.630085
-200.40103
-3.6187098
64.03281
24.218227
-2.071785
13.787742
-122.17036
14.613587
24.62608
21.859423
24.731604
-8.205049
30.75697
17.26129
41.24425
-3.6187098
14.613587
-278.47894
18.260832
-69.62168
172.96933
39.84046
79.046135
-31.51657
64.03281
18.260832
-245.99532
112.34748
38.50649
8.509277
4.33844
24.62608
-295.16364
66.99251
76.483536
127.06151
21.859423
-69.62168
66.99251
-976.00134
622.78906
97.17812
-25.697784
241.4715
21.030228
172.96933
622.78906
-1168.0355
174.3336
197.94348
39.84046
174.3336
-839.93365
331.89142
-90.83334
384.70154
79.046135
331.89142
-1094.9845
458.35284
-41.16822
266.8623
-31.51657
112.34748
458.35284
-887.67126
9.22289
186.27599
152.98856
97.17812
197.94348
-90.83334
-737.83264
106.41124
182.33109
244.80212
106.41124
-977.1759
228.97585
-122.50305
375.79306
148.94293
239.55585
384.70154
-41.16822
182.33109
228.97585
-981.4364
226.59616
266.8623
9.22289
-122.50305
226.59616
-715.376
127.008415
208.18922
186.27599
127.008415
-510.93958
-6.876847
79.239456
133.61024
-8.317683
375.79306
208.18922
-6.876847
-843.54456
254.25195
12.187193
79.239456
254.25195
-635.53845
66.83018
-8.543579
236.56242
7.1980085
-1042.2041
122.09577
6.236359
204.34465
661.56885
-2.7937999
50.752228
122.09577
-1383.4731
-171.22539
681.5153
396.9869
172.00453
46.95749
135.1386
-10.659305
27.657925
24.731604
-170.18173
64.92292
19.187136
18.249214
67.85431
-41.762047
-2.8646703
35.809193
64.92292
-187.01147
64.95977
24.184252
-7.3743587
30.794823
64.95977
-229.56194
97.05008
46.157036
-2.0254068
32.659706
97.05008
-314.68204
143.56535
52.743996
-11.33709
24.310867
17.649406
143.56535
-551.0895
255.08041
157.57727
-47.093815
78.35541
-273.33002
48.268475
53.11653
50.886307
33.84024
8.86305
-2.3674428
255.08041
48.268475
-532.767
199.85275
38.607708
-6.674899
199.85275
-371.51355
-16.26467
91.75763
78.73955
30.40551
-12.977219
157.57727
38.607708
-16.26467
-1501.6733
78.967285
275.68976
174.26518
792.8308
53.11653
-6.674899
91.75763
-457.2409
250.92375
67.520096
0.5978235
50.886307
250.92375
-448.13324
40.315052
69.373276
36.634834
78.73955
78.967285
-471.32852
191.31445
72.41026
1.682483
75.90355
-27.689043
275.68976
191.31445
-2152.2466
27.265978
16.492489
1284.6775
356.80655
30.40551
72.41026
-489.88953
81.48846
154.63974
-8.089671
247.38155
-88.34633
-12.977219
67.520096
81.48846
-324.0841
144.83774
6.0803814
37.134632
0.5978235
40.315052
144.83774
-371.17285
22.616463
41.38352
70.86397
50.55826
52.743996
-47.093815
174.26518
-1006.28564
132.94763
452.7724
352.186
-141.93654
21.567852
8.832952
46.157036
-11.33709
132.94763
-315.78607
33.264412
124.220894
49.45057
-58.917362
19.187136
24.184252
-2.0254068
33.264412
-197.70787
31.653677
6.2874193
20.587456
64.56895
6.236359
31.653677
-321.05408
149.49995
79.85603
53.80803
204.34465
-171.22539
149.49995
-883.4819
413.85757
24.667421
239.10245
23.235226
681.5153
413.85757
-1520.1185
-81.73557
5.4630504
501.0182
24.667421
-1014.62915
659.3385
167.67993
124.80556
38.137707
239.10245
-81.73557
659.3385
-1501.4557
2.3331518
-18.145102
700.5623
167.67993
2.3331518
-823.7498
76.38806
148.65736
-11.739433
440.4308
1.682483
-495.5939
207.82834
87.814964
158.49907
93.24256
-3.4043045
-50.06925
207.82834
-376.9071
-34.188152
109.63927
26.154518
67.47315
75.90355
27.265978
87.814964
-34.188152
-304.5046
79.77474
4.8131404
63.12037
-27.689043
154.63974
158.49907
-569.58417
173.7097
65.44528
44.979412
93.24256
-466.7269
88.26946
204.93033
80.28454
-3.4043045
109.63927
88.26946
-777.8515
563.30945
0.44945094
-12.061429
31.649563
-50.06925
173.7097
204.93033
-444.07196
-4.1430917
19.56652
69.5269
30.55086
80.28454
563.30945
-4.1430917
-1224.8202
585.36926
0.44945094
19.56652
585.36926
-986.5748
434.87668
-53.68707
6.0803814
22.616463
-343.1676
80.33214
42.763577
121.45039
42.450172
27.47447
-8.089671
37.134632
80.33214
-275.53333
48.731056
72.82154
-5.4250197
45.069267
4.9593744
16.492489
452.7724
79.77474
-2668.0552
2697.5322
-983.0737
404.5571
1284.6775
2697.5322
-18964.168
14981.959
792.8308
356.80655
352.186
-983.0737
14981.959
-15500.709
-141.93654
4.8131404
404.5571
-1147.9524
236.07584
599.63055
44.81239
21.567852
236.07584
-741.6084
356.14035
-15.772015
100.63208
42.964222
8.832952
124.220894
356.14035
-1276.6473
-115.558304
903.01135
49.45057
6.2874193
-309.51428
109.51725
36.961
107.29805
20.587456
79.85603
23.235226
124.80556
109.51725
-473.9323
24.391832
91.53896
-15.772015
-115.558304
-700.18024
393.43936
89.59379
126.36528
353.45667
-115.57259
-15.771937
-58.917362
903.01135
36.961
393.43936
-1401.313
147.47873
1.7813703
-22.441576
107.29805
24.391832
147.47873
-513.0232
60.066196
95.80357
23.488703
46.03286
8.463243
89.59379
1.7813703
-295.80237
51.818436
107.859406
-21.879002
65.0289
1.5994468
-22.441576
60.066196
51.818436
-331.8252
67.96252
47.886646
115.02261
-8.058802
19.56916
95.80357
67.96252
-571.032
125.93938
-8.698795
290.0253
23.488703
125.93938
-577.67377
102.34599
22.178644
5.463908
298.25717
46.03286
102.34599
-360.23053
109.48504
18.888798
83.47786
22.178644
109.48504
-583.0864
110.663895
21.869814
318.889
76.38806
18.888798
110.663895
-656.5769
60.094955
11.658633
378.8826
38.137707
148.65736
91.53896
8.463243
83.47786
60.094955
-430.3701
100.63208
126.36528
-519.5194
48.91648
94.058014
48.918392
100.629166
599.63055
42.964222
48.91648
-1190.9602
460.0309
40.927254
-1.5092508
94.058014
460.0309
-1056.2886
42.16572
460.03397
26.154518
63.12037
44.81239
40.927254
-243.03098
46.85819
-8.470834
29.629076
-1.5092508
42.16572
46.85819
-403.40515
2.1763515
64.65954
58.04549
182.79492
-53.16074
2.6027443
60.283443
-1.5112206
247.38155
48.731056
2.1763515
-656.9315
120.01514
238.62744
72.82154
64.65954
120.01514
-453.25214
215.13095
-19.375017
67.47315
-12.061429
-8.470834
-674.88293
164.0129
463.92914
-88.34633
65.44528
29.629076
58.04549
238.62744
164.0129
-541.65
79.49498
-5.2588496
44.979412
69.5269
79.49498
-324.06903
46.034195
84.03352
30.55086
434.87668
46.034195
-751.4846
240.0229
31.649563
-53.68707
463.92914
-5.2588496
84.03352
240.0229
-760.6892
-664.7746
28.730232
4.0447025
125.88448
15.567802
29.672792
10.760905
248.91086
212.8646
-11.661713
28.730232
-410.78632
165.77379
132.35019
5.0426855
78.889435
27.692944
33.84024
4.0447025
165.77379
-330.59396
65.31374
-0.32465154
34.253185
8.86305
69.373276
125.88448
65.31374
-351.20148
81.766945
36.634834
41.38352
15.567802
81.766945
-454.71207
35.16154
43.5504
200.64705
29.672792
35.16154
-587.59143
250.36351
106.745865
165.64772
43.5504
250.36351
-954.09766
39.18562
349.5914
319.59756
-48.190884
70.86397
200.64705
39.18562
-653.6855
234.91385
151.3022
-43.227203
349.5914
234.91385
-1130.352
305.1134
258.36374
-17.630339
50.55826
42.763577
151.3022
-751.5614
265.97067
240.9667
-43.227203
305.1134
265.97067
-1169.9955
-6.221796
298.17477
-46.188297
339.87048
56.50346
121.45039
240.9667
-6.221796
-903.3149
314.49915
-6.573658
239.19414
298.17477
314.49915
-1277.2831
333.3644
45.032654
286.21207
-46.188297
333.3644
-2616.202
541.54456
1437.6632
-173.36594
523.1839
339.87048
541.54456
-1760.0901
369.30292
164.44191
213.30193
131.62842
258.36374
56.50346
369.30292
-1403.1443
508.06543
210.90878
319.59756
-17.630339
508.06543
-1275.5919
272.2714
-23.234257
216.52203
106.745865
-48.190884
272.2714
-1393.6863
533.3772
35.076714
-33.26529
527.67126
533.3772
-1960.888
94.984825
-45.092205
359.2397
1018.3784
10.760905
165.64772
35.076714
94.984825
-1097.9913
129.12456
220.16144
442.23523
248.91086
129.12456
-2185.0962
1541.3699
-33.39324
106.67164
192.41252
212.8646
1541.3699
-2253.724
193.42714
306.06247
-11.661713
132.35019
193.42714
-737.1355
146.92703
93.75843
143.98428
-84.1755
122.525665
1437.6632
164.44191
-4283.221
1318.057
-151.8706
1514.9298
213.30193
1318.057
-2932.3743
662.21857
-7.7972083
746.59393
-151.8706
662.21857
-3624.2766
-53.09093
1313.6505
1262.7369
590.6321
-53.09093
-1699.9701
390.9221
183.01057
16.68516
582.2295
16.225262
188.24297
375.7456
-7.7972083
1313.6505
390.9221
-2505.2378
449.69928
358.76312
131.62842
210.90878
-23.234257
746.59393
449.69928
-1800.7635
228.96501
56.2023
216.52203
-33.26529
228.96501
-1068.585
283.6972
297.46042
75.20563
183.01057
358.76312
56.2023
283.6972
-1164.3047
178.47202
104.15951
527.67126
-45.092205
297.46042
-1528.2429
651.57184
96.63158
75.20563
178.47202
651.57184
-1565.416
262.37497
-179.11104
576.9025
16.68516
104.15951
262.37497
-951.5243
160.33829
184.98596
48.229134
174.75128
582.2295
160.33829
-1011.0904
112.58667
155.93596
359.2397
96.63158
-179.11104
-1952.253
464.99643
61.235844
53.774677
119.22827
-51.267185
1112.8524
-85.32752
576.9025
184.98596
464.99643
-1444.4188
294.9954
-77.461494
48.229134
294.9954
-963.2161
74.89637
295.02322
250.072
174.75128
112.58667
74.89637
-840.89575
250.81837
227.84306
295.02322
250.81837
-979.1997
10.23493
99.47368
389.6018
-65.95232
61.235844
-77.461494
250.072
10.23493
-1218.26
228.32037
726.67487
19.18348
99.47368
228.32037
-619.2264
-1.5435283
77.70947
224.16812
-8.901812
53.774677
726.67487
-1935.9572
118.60404
1036.9036
19.18348
-1.5435283
118.60404
-618.1258
105.8687
-25.87908
254.7665
109.171715
37.362007
31.38673
-30.794722
77.70947
105.8687
-408.302
130.07692
-33.22256
125.91642
1.9530463
119.22827
1036.9036
-25.87908
-2792.1929
316.9555
1344.9846
254.7665
316.9555
-1723.5819
274.0715
887.9728
-10.184415
109.171715
-718.51105
163.48625
146.21368
166.82658
132.81279
37.362007
274.0715
163.48625
-1429.9241
122.15875
66.83495
766.0106
-33.39324
306.06247
146.92703
146.21368
122.15875
-1166.371
40.55305
440.10587
-149.85799
147.60127
887.9728
66.83495
-4771.6763
894.9116
224.49126
2697.4658
766.0106
40.55305
894.9116
-4586.5146
236.2271
62.47339
2678.9841
-92.64516
-51.267185
1344.9846
-10.184415
224.49126
-5592.5747
889.98846
3174.4553
-14.397581
34.50432
1112.8524
889.98846
-5697.4434
929.7625
3379.8362
-614.9963
1018.3784
220.16144
-85.32752
929.7625
-4248.128
65.70195
2099.4512
442.23523
106.67164
65.70195
-4135.901
287.85657
-114.449554
3075.9429
271.94238
192.41252
440.10587
236.2271
287.85657
-3773.6123
2617.0103
166.82658
-149.85799
-941.5958
454.39136
69.5902
123.36045
277.28525
93.75843
147.60127
454.39136
-978.109
333.5935
-111.75314
21.143929
83.428856
-6.978834
-37.076378
143.98428
333.5935
-714.30176
35.564198
120.30043
80.85939
31.38673
130.07692
-534.24524
156.04378
16.835865
199.90195
-30.794722
132.81279
69.5902
156.04378
-657.08704
234.81488
71.99796
22.62216
3174.4553
-6732.8945
1376.0812
1360.3191
822.0385
-14.397581
3379.8362
1376.0812
-8429.22
3490.1072
197.59233
2697.4658
62.47339
34.50432
1360.3191
-6326.6445
1198.9619
972.9204
2678.9841
1198.9619
-6537.958
2227.713
432.2993
-92.64516
-114.449554
2617.0103
2227.713
-5789.518
1048.855
103.03475
3075.9429
1048.855
-6096.8306
803.63806
1168.3947
-614.9963
2099.4512
271.94238
3490.1072
803.63806
-6589.1562
539.01355
822.0385
197.59233
972.9204
432.2993
103.03475
1168.3947
539.01355
-4235.2935
123.36045
234.81488
-728.7972
20.960985
157.87682
-21.54602
213.33003
277.28525
-111.75314
20.960985
-1089.5988
712.2611
63.54621
127.29836
21.143929
712.2611
-1174.1885
356.32816
84.45524
83.428856
356.32816
-1044.3804
-42.895447
174.21457
473.3042
63.54621
84.45524
-42.895447
-515.4366
196.50783
82.597984
-7.778115
139.00291
174.21457
196.50783
-858.61505
207.79161
39.407635
-49.834835
187.70363
102.82463
207.79161
-1091.3499
263.64645
129.02336
107.89799
382.99042
-6.978834
473.3042
39.407635
263.64645
-1296.0044
526.6249
82.597984
-49.834835
-473.5133
180.58615
39.12236
76.65451
-29.181082
173.56824
187.70363
180.58615
-866.2216
236.6386
261.2932
39.12236
-403.44247
220.23282
222.79039
-113.470116
-67.1462
142.18341
-40.270195
76.65451
236.6386
220.23282
-1189.6902
751.2231
-95.05876
222.79039
-620.4839
331.3322
114.357056
-127.150734
79.15491
-113.470116
751.2231
331.3322
-1542.6528
345.45706
228.11061
114.357056
-734.5535
445.96936
34.790474
58.32121
81.11544
129.02336
-127.150734
345.45706
445.96936
-1168.9248
83.2162
35.735714
256.6739
35.564198
34.790474
83.2162
-548.3873
274.2876
9.363439
93.74633
17.41908
-37.076378
120.30043
107.89799
526.6249
35.735714
274.2876
-1027.7703
102.82463
382.99042
261.2932
-95.05876
228.11061
256.6739
-1136.834
16.835865
71.99796
-708.21124
211.01265
5.226802
14.67435
97.23517
13.41027
5.659298
202.4106
69.74824
22.62216
157.87682
211.01265
-734.8562
247.38109
95.96347
-21.54602
247.38109
-685.8768
156.9253
187.73715
15.297552
79.09484
20.98688
213.33003
127.29836
-7.778115
156.9253
-683.59155
193.81596
187.73715
-636.0062
144.73045
109.056984
33.620457
47.734074
88.161575
24.965454
139.00291
-29.181082
15.297552
193.81596
144.73045
-714.95483
251.289
173.56824
-67.1462
109.056984
251.289
-925.79144
459.0234
142.18341
33.620457
459.0234
-940.98
306.1527
-40.270195
79.15491
58.32121
47.734074
306.1527
-786.01965
334.92694
81.11544
9.363439
88.161575
334.92694
-688.962
175.39458
93.74633
79.09484
24.965454
175.39458
-545.9825
172.7813
-84.1755
80.85939
17.41908
5.226802
95.96347
20.98688
172.7813
-815.70374
506.64236
5.0426855
122.525665
14.67435
506.64236
-1072.8319
130.77629
293.17056
97.23517
130.77629
-452.12506
164.874
-28.614557
-31.655699
119.50988
164.874
-651.42426
97.62879
288.79636
26.365719
73.7594
78.889435
-0.32465154
293.17056
-28.614557
97.62879
-717.81256
-28.892288
305.95526
2.5832613
121.84326
288.79636
-28.892288
-581.9519
112.37915
82.643036
2.5991535
10.613428
55.651943
34.253185
305.95526
112.37915
-518.85297
-1302.6532
68.011665
536.90295
151.56668
-11.607106
-11.43485
530.13153
39.08239
66.83018
68.011665
-1952.2896
937.0729
-39.4128
909.87103
9.916478
148.94293
12.187193
-8.543579
937.0729
-1684.4877
497.64783
145.30003
-48.11963
-25.697784
244.80212
239.55585
497.64783
-1144.1521
187.8441
536.90295
-39.4128
145.30003
-1288.0651
585.4976
-23.171774
82.94896
241.4715
-48.11963
187.8441
585.4976
-1032.9877
66.29402
47.886646
-560.80396
1.7296302
171.805
76.183044
151.18602
96.12818
15.8854065
115.02261
1.7296302
-488.72437
91.56268
65.86129
20.755156
-13.777828
-30.914684
10.791365
227.6941
171.805
91.56268
-474.49866
94.04892
-46.06783
163.14989
396.9869
5.4630504
-1388.2466
426.38263
23.336697
536.07733
501.0182
-18.145102
94.04892
426.38263
-1042.9526
68.5779
-6.916743
-22.013102
700.5623
-11.739433
65.86129
-46.06783
68.5779
-899.6792
122.484924
440.4308
11.658633
20.755156
122.484924
-745.143
149.81354
21.869814
378.8826
-13.777828
149.81354
-725.2844
188.49625
5.463908
318.889
-30.914684
188.49625
-668.88257
186.9481
-8.698795
298.25717
10.791365
186.9481
-1001.0602
513.76227
-8.058802
290.0253
227.6941
513.76227
-1023.4229
151.56668
-516.275
38.356083
145.56227
17.065166
163.72482
38.356083
-433.77985
160.31487
71.53694
44.31759
135.92395
-16.669548
107.859406
19.56916
76.183044
-539.72845
100.523285
-54.81317
137.5373
41.734627
111.13486
-8.205049
76.483536
-365.90332
56.03495
-16.73441
177.66745
55.094776
25.562073
661.56885
172.00453
-1141.2098
224.55736
-14.936269
98.01541
30.75697
18.249214
56.03495
-221.73439
21.672293
95.02096
127.06151
21.030228
-23.171774
66.29402
-16.73441
-475.2784
234.41461
66.384224
-11.607106
82.94896
145.56227
234.41461
-512.4894
12.899083
48.27157
177.66745
66.384224
12.899083
-519.6519
232.29187
27.556152
2.8531332
17.065166
160.31487
48.27157
232.29187
-495.79483
81.46638
-43.615025
46.95749
224.55736
-901.30756
303.44598
189.08722
1.5395674
135.71992
151.18602
100.523285
303.44598
-781.3989
-90.87999
206.2522
5.617759
105.25364
135.1386
23.336697
189.08722
-90.87999
-1086.9863
402.01926
428.28455
96.12818
206.2522
402.01926
-919.53516
234.28677
-19.151289
15.8854065
163.14989
-6.916743
234.28677
-822.74524
416.3399
536.07733
-22.013102
428.28455
-19.151289
416.3399
-1339.5374
-2.7937999
67.85431
64.56895
53.80803
-377.8761
194.43863
55.094776
27.556152
1.5395674
5.617759
-580.10254
191.24701
299.04727
25.562073
-14.936269
21.672293
135.71992
191.24701
-439.7199
80.454895
50.752228
-41.762047
98.01541
95.02096
194.43863
80.454895
-476.92007
-54.81317
2.8531332
81.46638
105.25364
299.04727
-597.91626
164.10902
71.53694
137.5373
-43.615025
164.10902
-464.87503
68.26083
67.046
44.31759
68.26083
-524.1891
314.1667
61.52707
-5.6226587
41.539536
-362.89542
142.09105
60.488056
71.518684
-24.243593
113.04122
142.09105
-837.1501
406.84
-64.92162
373.63196
108.170334
-128.6617
314.1667
406.84
-800.7435
183.92346
-2.9552894
103.49886
-204.73022
60.488056
-239.03178
38.228657
40.315186
79.578735
-20.595592
43.101097
-2.0843349
-1105.8749
436.2147
378.69873
302.4482
3.733036
-15.219776
436.2147
-993.051
302.08066
19.722647
235.03305
302.08066
-820.2871
232.68694
96.288704
101.71767
-15.383151
102.8963
378.69873
19.722647
232.68694
-927.4914
154.4966
-62.21658
204.10303
41.734627
67.046
61.52707
96.288704
-674.15027
259.22977
148.32405
-5.6226587
183.92346
101.71767
154.4966
259.22977
-1240.6412
546.8964
135.92395
41.539536
-2.9552894
-499.07523
249.25917
87.36664
-12.058817
-64.92162
103.49886
249.25917
-566.93823
51.797108
212.1692
15.135486
-11.43485
163.72482
-16.669548
87.36664
-541.73413
234.82626
23.689608
60.231228
-12.058817
51.797108
234.82626
-453.7353
42.128857
26.881752
110.16011
71.518684
38.228657
-208.76633
59.118446
2.3562534
11.117467
26.426828
373.63196
-204.73022
-62.21658
546.8964
-2447.4749
251.24483
1542.6484
-24.243593
108.170334
212.1692
59.118446
-404.6772
49.462803
-968.70624
512.4454
212.49199
13.175939
230.59293
512.4454
-1028.8579
194.3851
10.241563
-6.721774
318.5076
194.3851
-678.6132
207.24837
-29.398294
-21.782293
328.1603
207.24837
-780.74255
158.18349
-13.024937
442.2235
-13.887842
158.18349
-753.26624
118.37656
19.539062
442.44345
14.7237015
118.37656
-942.74976
24.326372
35.876694
746.62335
17.546741
24.326372
-826.4921
262.74518
30.597609
35.65528
475.39874
-2.2311091
302.4482
262.74518
-887.8762
14.3963785
308.28644
3.733036
235.03305
-15.383151
30.597609
14.3963785
-503.61307
44.335823
192.66762
-1.7672625
212.49199
10.241563
-29.398294
-13.024937
19.539062
35.876694
35.65528
44.335823
-429.72064
3.8613315
110.14215
-21.879002
111.13486
102.8963
148.32405
192.66762
-599.0316
65.88776
23.689608
42.128857
-984.9123
499.3564
124.23263
295.50476
530.13153
60.231228
499.3564
-1206.383
51.012794
65.65112
124.23263
51.012794
-1087.0525
450.37845
246.62498
245.73894
-30.935265
39.08239
909.87103
65.65112
450.37845
-1637.5067
2.095474
170.42838
26.365719
82.643036
-501.37234
295.6204
33.281593
0.31381506
53.363224
9.784563
-31.655699
73.7594
295.6204
-715.42596
296.39365
81.308266
13.41027
119.50988
296.39365
-854.5486
317.5688
84.82668
18.518147
4.3211284
5.659298
317.5688
-666.5787
194.29802
122.783844
18.30169
7.9670553
194.29802
-584.9865
207.49773
118.978615
-22.329386
93.57233
-7.0307856
207.49773
-750.39
351.27695
128.82127
-26.695066
89.489075
351.27695
-761.5601
264.20303
49.646996
54.877163
81.37195
-39.815987
264.20303
-666.5029
248.52403
30.18032
65.94012
57.655422
248.52403
-778.17664
278.24594
130.13098
121.27566
278.24594
-734.4243
161.88657
183.75923
-28.369116
128.06725
10.834449
128.82127
49.646996
30.18032
130.13098
161.88657
-735.98553
-14.048289
249.36765
183.75923
-14.048289
-678.776
148.63635
22.80057
134.13503
212.09969
-8.606573
118.978615
-26.695066
249.36765
148.63635
-738.7693
248.48169
202.4106
122.783844
-22.329386
22.80057
248.48169
-725.45215
130.28598
21.018793
-3923.272
1138.0802
-165.48761
445.02533
2505.6538
-1281.3611
385.5361
267.6604
-85.51007
646.4109
67.26373
18.30169
93.57233
385.5361
-632.1956
83.159615
153.23494
-101.609055
267.6604
-1257.9525
439.29752
201.30312
-111.992584
461.68405
-7.0307856
89.489075
54.877163
-85.51007
83.159615
439.29752
-751.4567
136.8046
40.3697
1138.0802
201.30312
136.8046
-1684.7902
106.9069
553.60126
-451.906
81.37195
40.3697
106.9069
-531.7715
116.45616
186.66678
-165.48761
553.60126
116.45616
-1416.2153
332.90454
578.74097
-39.815987
65.94012
186.66678
332.90454
-488.43103
-102.74977
45.48538
445.02533
578.74097
-102.74977
-1128.3422
148.89616
-95.49556
107.220276
46.7048
57.655422
121.27566
-28.369116
45.48538
148.89616
-400.8755
55.931976
646.4109
-111.992584
-1567.5679
518.80664
521.28503
-6.9422297
2505.6538
461.68405
-451.906
-95.49556
518.80664
-3234.87
336.39322
-40.266155
107.220276
336.39322
-799.3733
156.75641
199.00342
128.06725
46.7048
55.931976
156.75641
-491.8026
-42.794914
85.94633
61.19079
521.28503
-40.266155
199.00342
-42.794914
-1068.5374
351.15402
80.155975
85.94633
351.15402
-1048.3508
536.1527
-62.70676
137.80457
10.834449
134.13503
61.19079
536.1527
-828.33124
86.01826
212.09969
130.28598
-864.1712
392.80844
207.89067
-78.9136
-4114.8975
605.3483
1033.135
119.6366
398.20364
1060.6783
185.28242
712.61304
605.3483
-6605.3
1392.5557
2341.4824
2265.9128
1033.135
1392.5557
-7461.4854
788.0412
125.685585
4394.616
-272.548
119.6366
788.0412
-5402.8804
2116.7432
2378.4595
398.20364
2116.7432
-6546.193
1203.9844
80.7771
2746.4844
1060.6783
1203.9844
-6592.421
1331.2461
78.60664
2917.9055
185.28242
2341.4824
-6264.462
1093.7567
445.68378
2198.256
712.61304
1331.2461
1093.7567
-6278.6094
18.92239
3127.9895
-5.91808
-33.22256
199.90195
69.74824
21.018793
392.80844
-827.87274
185.90231
-8.284512
84.82668
7.9670553
153.23494
-1014.7229
614.5479
-114.40554
268.55182
67.26373
-101.609055
-6.9422297
80.155975
-62.70676
614.5479
-1142.8384
330.33246
221.79625
-8.606573
137.80457
86.01826
207.89067
330.33246
-797.49097
-132.81105
176.86264
125.685585
2378.4595
80.7771
-3955.936
642.1253
303.02374
371.24606
-39.810642
34.741276
155.64917
-95.96106
4394.616
642.1253
-6358.178
311.44403
1009.9928
2265.9128
-272.548
445.68378
311.44403
-4241.4653
399.46255
239.1216
852.3884
2198.256
18.92239
399.46255
-4647.5586
929.6355
978.1984
123.08329
3127.9895
929.6355
-5806.9023
223.55046
1585.7865
-60.05935
2746.4844
78.60664
303.02374
-5471.766
1278.2963
1139.7809
-74.425964
2917.9055
-5.91808
223.55046
1278.2963
-5246.9043
800.8806
32.19002
-114.40554
221.79625
-132.81105
371.24606
-1089.6052
146.99771
137.58313
281.96558
177.23311
-39.810642
1139.7809
146.99771
-1857.0977
209.19289
400.93683
-78.9136
185.90231
176.86264
137.58313
209.19289
-710.90686
-37.15279
117.43235
-74.425964
800.8806
400.93683
-37.15279
-1583.2056
201.96544
242.52136
48.480137
1585.7865
32.19002
201.96544
-2936.5444
983.8953
132.70717
125.91642
-8.284512
117.43235
242.52136
-591.4618
97.177444
16.69873
48.480137
983.8953
97.177444
-1868.2135
684.2195
54.440994
224.16812
1.9530463
16.69873
684.2195
-1171.2686
250.70523
-68.17291
61.69686
389.6018
-8.901812
250.70523
-995.82825
264.9875
99.43555
-68.17291
264.9875
-1045.4087
300.2933
163.55875
201.67545
183.06657
978.1984
-60.05935
132.70717
54.440994
61.69686
300.2933
-1768.0818
-5.160511
305.965
16.225262
155.93596
227.84306
-65.95232
99.43555
163.55875
-973.7688
272.5231
104.19948
201.67545
272.5231
-1157.6965
406.06445
196.0522
81.38135
183.06657
-5.160511
406.06445
-1320.4465
241.60628
-40.017403
503.27875
31.608227
188.24297
104.19948
196.0522
-1272.046
338.35934
445.19202
81.38135
241.60628
338.35934
-1065.0868
282.78238
-64.51578
185.47322
282.78238
-2037.5286
537.76355
923.9193
-22.644009
315.7074
1262.7369
375.7456
445.19202
-64.51578
537.76355
-2550.2332
-6.689197
-173.36594
1514.9298
590.6321
923.9193
-6.689197
-3146.3818
-143.5555
440.51132
18.518147
268.55182
281.96558
-829.152
123.996346
136.12013
34.741276
177.23311
123.996346
-1355.9781
864.724
14.679513
140.60393
155.64917
864.724
-1450.928
183.11382
-11.39703
258.83798
-95.96106
1009.9928
239.1216
183.11382
-1677.2312
148.4714
192.49263
852.3884
123.08329
305.965
-40.017403
148.4714
-1992.0283
629.39246
-27.254822
503.27875
629.39246
-1441.1416
200.94534
107.52504
31.608227
185.47322
-22.644009
200.94534
-1104.551
455.16492
216.53345
37.469906
315.7074
-143.5555
455.16492
-1417.2034
510.97125
257.76392
21.15138
45.032654
523.1839
440.51132
510.97125
-1831.9384
364.93878
-52.69962
-6.573658
286.21207
364.93878
-1127.7649
227.40456
255.7831
42.450172
239.19414
227.40456
-732.7225
38.5086
138.33629
46.828693
257.76392
-52.69962
255.7831
38.5086
-1087.105
266.55765
356.07776
-34.88649
138.33629
266.55765
-756.4254
278.59476
72.93674
216.53345
21.15138
356.07776
-874.86584
209.85934
71.24391
-11.39703
192.49263
-27.254822
107.52504
37.469906
209.85934
-595.2251
49.251667
-13.779384
51.057755
-34.88649
278.59476
71.24391
49.251667
-603.017
153.18025
85.63293
-13.779384
153.18025
-440.54248
75.30559
-3.4320686
158.90698
-29.329138
99.69028
33.281593
75.30559
-331.76294
163.74332
-9.423459
41.377506
27.478405
0.31381506
81.308266
4.3211284
136.12013
14.679513
-3.4320686
163.74332
-424.9323
27.878231
140.60393
258.83798
51.057755
158.90698
27.878231
-637.2849
-661.14703
172.04863
81.48752
394.27127
2.7944298
10.545179
172.04863
-647.1515
87.438065
347.4604
40.20445
81.48752
87.438065
-430.4472
144.84941
5.621861
-34.128307
145.17867
182.79492
144.84941
-740.48315
321.0036
89.4903
-54.715343
57.06028
-53.16074
394.27127
5.621861
321.0036
-730.52637
9.380486
53.409927
2.6027443
215.13095
89.4903
-573.30756
165.1435
100.94008
60.283443
9.380486
-248.50201
41.0606
49.44663
-3.20492
65.89628
25.63948
48.918392
460.03397
-1.5112206
41.0606
-1207.1948
42.970776
615.7223
-657.1204
81.45029
-17.9506
101.72667
258.36823
147.94937
192.81541
-107.23891
-21.782293
442.2235
81.45029
-769.8606
167.84048
100.1286
-6.721774
328.1603
-17.9506
167.84048
-621.6014
120.01693
30.256006
101.72667
120.01693
-396.2951
135.30724
-21.20138
69.89851
-9.452854
13.175939
318.5076
30.256006
135.30724
-648.2163
150.96957
230.59293
3.8613315
-21.20138
150.96957
-629.7129
98.00939
111.68157
55.79945
65.0289
-1.7672625
110.14215
65.88776
98.00939
-326.13022
-11.17071
69.89851
111.68157
-608.777
218.80469
208.39221
353.45667
1.5994468
55.79945
-11.17071
218.80469
-1364.7603
-131.57556
119.914024
811.25024
-53.31798
258.36823
-9.452854
208.39221
-131.57556
-989.9313
331.99118
136.67949
195.5286
119.914024
331.99118
-469.86517
-46.608315
17.449081
47.119213
-115.57259
811.25024
-1185.9418
356.13602
125.13707
8.991076
-15.771937
100.629166
42.970776
356.13602
-748.3161
242.40176
21.950298
49.44663
615.7223
242.40176
-1175.0105
415.75345
-148.31361
-3333.777
1802.2472
273.96188
410.18445
847.38354
1802.2472
-3087.5112
409.22556
180.42809
695.6104
-3.20492
415.75345
409.22556
-1349.8298
83.563286
430.0147
14.477832
347.4604
-34.128307
-1040.9211
715.5152
40.793713
-33.14221
4.4223146
715.5152
-1512.3708
711.6948
85.160774
145.17867
-54.715343
40.793713
-434.5241
129.04735
174.21973
2.7944298
40.20445
-33.14221
711.6948
-900.64716
78.74935
100.34635
4.4223146
85.160774
129.04735
78.74935
-414.2793
61.329548
4.3295207
51.24043
57.06028
165.1435
174.21973
61.329548
-585.09656
87.48333
39.860214
65.89628
83.563286
-316.99567
-33.50802
92.195045
24.458986
84.3901
10.545179
53.409927
25.63948
100.34635
4.3295207
-33.50802
-371.21832
210.4559
51.24043
87.48333
92.195045
210.4559
-458.50586
34.175194
-17.044033
-13.887842
442.44345
147.94937
100.1286
-835.4227
-19.365252
178.15443
14.7237015
746.62335
-19.365252
-1629.2848
756.16016
-116.56469
247.70752
192.81541
178.15443
756.16016
-1276.9034
149.77344
17.546741
475.39874
-116.56469
-1430.0149
381.80273
671.83136
-107.23891
136.67949
247.70752
149.77344
381.80273
-955.4108
132.59227
-166.39755
180.4918
40.315186
195.5286
-46.608315
132.59227
-370.17786
43.006855
5.343251
79.578735
17.449081
43.006855
-216.56294
33.292027
43.236244
-53.31798
47.119213
125.13707
33.292027
-309.35458
118.60255
36.391018
2.1307118
8.991076
21.950298
-148.31361
273.96188
180.42809
430.0147
118.60255
-966.53015
58.907047
8.642706
13.345393
27.47447
-5.4250197
46.828693
72.93674
85.63293
-29.329138
-411.39502
154.07355
59.202797
45.069267
154.07355
-316.9915
66.2378
-0.23976772
51.850624
4.9593744
-19.375017
100.94008
39.860214
34.175194
66.2378
-307.8939
51.794106
11.279
18.023153
410.18445
695.6104
14.477832
24.458986
-1834.9894
341.304
403.32886
-54.37518
84.3901
-17.044033
51.794106
341.304
-563.9949
103.55075
99.69028
-9.423459
59.202797
-0.23976772
-438.10703
231.25426
57.622948
51.850624
11.279
231.25426
-409.13376
66.18996
48.55993
847.38354
58.907047
403.32886
-1457.9614
12.692336
33.862118
58.82885
42.958683
18.023153
-54.37518
103.55075
66.18996
12.692336
-343.9099
192.88486
4.944064
33.862118
192.88486
-592.29767
45.85416
322.11267
-2.4161513
41.377506
57.622948
48.55993
4.944064
45.85416
-274.228
75.86939
58.82885
322.11267
-626.7974
190.87344
54.982445
8.642706
42.958683
190.87344
-336.02734
70.024734
-22.926008
8.119172
38.33463
36.391018
13.345393
70.024734
-204.51183
57.688667
3.2892044
23.772812
-20.595592
43.236244
2.1307118
57.688667
-181.92905
70.45209
9.894862
19.122053
43.101097
2.3562534
70.45209
-163.20892
27.933073
19.366415
-15.219776
204.10303
251.24483
-2.2311091
308.28644
671.83136
-166.39755
-1366.2448
114.62758
113.04122
-128.6617
-2.0843349
1542.6484
180.4918
5.343251
114.62758
-1825.4062
236.56242
9.916478
2.095474
-680.87976
89.439026
104.53906
238.32727
133.61024
7.1980085
89.439026
-547.17633
109.57292
207.35612
104.53906
109.57292
-589.65826
83.82467
42.050232
-25.400152
218.94264
56.128876
246.62498
170.42838
238.32727
83.82467
-859.0194
119.8141
245.73894
42.050232
119.8141
-619.6227
84.08372
127.935684
38.50649
152.98856
-8.317683
207.35612
-25.400152
-646.6753
252.85306
28.688879
218.94264
252.85306
-583.24255
66.606705
44.840176
56.128876
84.08372
66.606705
-352.3653
106.97855
14.641391
23.92606
26.881752
295.50476
-30.935265
127.935684
106.97855
-612.7735
80.617195
5.790814
15.135486
110.16011
11.117467
49.462803
80.617195
-284.6812
18.188145
8.509277
28.688879
44.840176
14.641391
-164.77533
10.164316
39.90732
18.023975
26.426828
27.933073
23.92606
5.790814
18.188145
10.164316
-126.532074
14.102834
24.218227
4.33844
39.90732
-168.13324
19.832315
76.51293
3.324005
9.894862
19.366415
18.023975
14.102834
19.832315
-134.27151
53.051105
18.37802
-2.071785
76.51293
-206.92029
23.868334
89.018814
1.2139714
3.2892044
19.122053
3.324005
53.051105
23.868334
-173.81377
71.159065
-1.9686451
52.834034
2.5991535
53.363224
-250.7563
57.558674
86.36987
9.784563
27.478405
-2.4161513
75.86939
54.982445
-22.926008
57.558674
-245.50682
-1.2486107
46.424137
-0.73693424
29.894972
86.36987
-1.2486107
-181.12154
28.599306
38.24294
25.272469
0.7535301
89.018814
28.599306
-174.5556
32.356304
-1.4448181
8.119172
23.772812
1.2139714
71.159065
32.356304
-179.80948
43.18816
38.33463
46.424137
38.24294
-1.4448181
43.18816
-164.74504
