-0.035302
0.422106
-0.060980
-0.055307
0.246478
0.077940
0.328106
-0.272105
-0.280154
0.428401
0.445219
0.456550
-0.037787
-0.042445
0.253874
0.460898
-0.234021
-0.088483
0.395032
0.498529
0.074000
0.443410
0.514614
0.515521
0.508926
-0.020986
0.339889
0.297571
0.501961
0.357250
0.557518
0.555673
0.554113
0.542361
0.542846
0.534285
0.522414
0.389403
0.209993
0.439159
0.455055
0.555011
0.552023
0.549681
0.534474
0.528162
0.440117
0.556380
0.557199
0.550389
0.556004
0.544121
0.528597
0.464333
0.369578
0.338669
0.435160
0.428357
0.477554
0.490911
0.515341
0.553618
0.554179
0.561984
0.551129
0.555108
0.367643
0.338573
0.451913
0.492166
0.218036
0.543620
0.549048
0.556525
0.544984
0.371603
0.286172
-0.022762
-0.218466
0.567200
0.561373
0.565309
0.564487
0.284015
-0.079471
0.574516
0.568809
0.455177
0.088483
0.346332
0.528066
0.580657
0.562815
0.455042
0.320198
0.472084
0.506902
-0.012783
0.577402
0.573425
0.391256
0.251022
0.460771
0.493535
-0.194099
0.583321
0.585292
0.558816
0.362182
0.513432
0.528728
0.539839
-0.346494
0.586701
0.578701
0.576759
0.363912
0.322218
0.202526
0.582635
0.256361
0.414745
0.345827
0.402820
0.517576
0.529456
0.590485
0.588218
0.074416
0.410093
0.119881
0.478585
0.503901
0.533125
0.584917
0.588352
0.168097
0.456816
-0.210713
0.234514
0.587187
0.572946
-0.129601
0.388135
0.104566
0.501249
0.585412
0.595255
0.296754
0.285446
-0.080994
0.591192
0.594402
0.056971
-0.133586
-0.422347
0.487572
0.514484
0.529727
0.537644
0.588681
0.589033
0.592689
0.368547
-0.081492
0.484236
0.538807
0.592832
0.595920
0.597542
-0.491240
0.406363
0.136699
-0.173752
-0.065965
0.531754
-0.238157
0.211442
-0.235058
0.465104
0.469111
0.344088
0.595782
0.598074
0.590360
0.383637
-0.426391
-0.118278
-0.050391
0.481130
0.503398
0.594046
0.409933
0.285243
-0.064010
0.454706
0.532542
0.591968
0.598148
0.596576
0.598055
0.581344
0.421747
0.434643
0.501769
0.583096
0.588868
0.374967
0.395071
0.207221
-0.090543
0.188804
0.467507
0.479149
0.495950
0.517173
0.587206
0.422598
0.424224
0.032546
0.347625
0.449487
0.473638
0.480179
0.507561
0.260125
0.596297
0.585630
0.361362
0.460085
-0.023974
-0.164407
0.224840
0.490434
0.512674
0.526400
0.534093
0.592661
0.592099
0.593143
-0.043140
0.271611
0.082514
0.229734
0.491071
0.584797
0.582733
0.587655
0.589601
-0.283077
0.276142
0.368722
-0.100586
-0.033422
-0.245717
0.441425
0.501469
0.521722
0.583966
0.579863
0.285668
0.367706
-0.104111
0.434384
0.475711
0.527870
0.079920
0.147744
0.512319
-0.215957
0.275210
-0.274179
-0.070420
0.443416
0.458171
0.463590
0.501180
0.511752
0.575952
0.009220
-0.107300
0.514972
-0.073443
-0.433384
0.464765
0.487121
0.507215
0.583604
0.580857
0.196183
0.473293
0.209118
0.400942
-0.123062
0.468462
0.478320
0.488408
0.515043
0.530149
0.572317
0.434795
0.262251
0.020575
0.434909
0.457592
0.489378
0.525006
0.527854
0.572321
0.555037
0.464901
0.310233
0.361577
0.472060
0.503856
0.277956
0.571354
0.554941
0.559006
0.540514
-0.066726
0.456131
0.519426
-0.103571
0.550276
0.537460
0.507243
0.476591
0.045889
0.135800
-0.059630
0.480791
0.485708
0.507856
0.513095
0.124521
0.553092
0.522743
0.463625
0.347005
0.378115
0.454507
0.433308
0.469252
0.486618
0.515701
-0.144325
-0.131736
0.512732
-0.100568
-0.177856
0.386800
0.211170
0.058966
0.448544
0.499102
0.502296
-0.365837
0.516726
0.023842
0.472175
0.508901
0.179103
0.502701
0.497951
-0.385703
0.163138
0.417066
0.446040
0.480198
0.485366
0.496171
-0.304884
-0.063649
0.482342
0.400315
0.266765
0.385666
0.463348
0.462658
0.454979
0.467739
0.456786
0.497296
0.498050
-0.472957
0.495853
0.328382
0.268045
-0.092548
0.323895
-0.040995
0.418353
0.454693
0.468732
0.497514
0.481164
0.482392
0.237141
-0.069757
0.456215
0.453121
0.482801
0.478664
0.469677
0.469414
0.424619
0.457955
0.427607
0.254346
0.431221
0.441378
0.448517
0.436171
0.452147
0.462734
0.476551
0.452464
0.455846
0.426640
-0.452241
0.436423
0.438911
0.446666
0.429686
0.472772
0.424692
0.423047
0.397801
0.436648
0.454025
0.345700
0.442555
0.025122
-0.052235
0.286355
0.437409
0.429063
-0.167580
0.320652
0.493136
0.487467
0.454621
0.466460
0.132676
0.479191
0.557763
0.506874
0.488522
0.464861
0.494097
0.506333
0.544692
0.524812
0.447383
-0.139782
0.023416
0.486503
0.143797
-0.227683
-0.084266
0.393329
0.378780
-0.157145
0.455582
0.475068
-0.077426
-0.054744
0.504394
0.476456
0.432088
0.003151
0.263947
-0.131777
0.266923
0.311220
0.093843
0.305890
-0.115041
0.374312
0.467095
-0.109390
0.361221
0.034942
-0.033632
-0.077495
-0.125716
0.516942
0.495844
-0.006479
-0.107253
0.055033
0.541018
0.487299
0.418238
0.308482
0.400228
-0.016101
-0.471146
0.499726
0.474294
0.450283
0.274004
0.242294
-0.013825
0.440709
0.433481
0.028786
-0.000045
0.519169
0.315591
0.420208
0.015003
0.114030
0.338112
0.421646
0.217278
0.530006
0.510786
0.429899
0.382257
0.368970
0.499569
0.278857
0.505251
-0.102768
0.302651
0.029511
-0.109924
0.361628
0.356766
0.549164
0.477783
0.457216
0.431385
0.380982
0.435226
-0.068026
0.401423
0.231159
-0.035751
0.475841
-0.015564
0.552918
0.529037
0.516382
0.509456
0.454034
0.422388
0.257671
0.567414
0.492207
0.377573
0.395665
0.288021
0.390889
-0.000143
-0.145626
-0.033538
0.423456
0.256269
0.560402
0.348139
0.197723
0.350858
-0.116750
-0.089070
0.554904
0.418308
-0.071323
0.461303
-0.091550
0.320820
-0.045094
-0.076971
0.567262
0.550642
0.404902
0.315458
-0.053619
-0.122435
-0.028706
0.443156
0.489329
0.443767
0.510711
-0.099287
-0.151106
0.521600
0.490257
0.462676
-0.196859
0.279453
0.415545
0.115588
-0.089546
0.405075
-0.196103
0.546795
0.460853
0.324687
0.452562
-0.049320
0.560559
0.542423
0.501787
0.443042
0.411650
0.295336
-0.477225
0.111370
0.333282
0.521738
-0.115204
0.054346
0.257771
0.437328
0.570133
0.559977
0.528012
0.376501
0.355796
0.109141
-0.040822
0.189959
0.012144
0.452977
0.507454
0.488452
0.379093
0.104242
-0.092378
0.326666
0.412595
0.304706
0.338214
0.573349
0.445492
-0.063955
0.456008
0.439686
0.276386
0.545967
-0.000844
-0.139800
0.403665
0.000053
0.459781
-0.090473
0.389377
0.572528
0.534845
0.493470
0.413017
0.438883
0.368873
-0.130734
-0.041613
0.556913
0.294483
0.465068
0.313100
0.438037
-0.148381
0.350322
0.372783
-0.137553
-0.006827
0.353193
0.365452
0.462123
-0.090367
-0.040163
0.376253
0.372136
-0.069109
0.442200
0.488909
0.435958
0.376585
-0.061197
0.443855
0.420668
0.035549
-0.017589
0.417960
0.427788
0.416137
0.564109
0.549986
0.530714
0.497846
0.462352
-0.125167
0.315448
0.459543
0.123986
0.396125
0.058299
0.341145
0.298149
-0.008498
0.394207
-0.115453
0.349821
0.389549
-0.045267
0.006058
0.346016
-0.174509
0.446215
0.362007
0.469595
0.447908
0.287433
0.337449
0.407515
0.372835
0.392921
-0.074686
0.353630
-0.343525
-0.070858
-0.098732
0.138627
0.080977
-0.046815
-0.051851
-0.113395
0.104083
-0.079679
-0.152003
-0.030888
-0.184078
-0.059556
-0.082612
-0.106344
-0.134391
-0.039308
0.435542
0.414542
-0.153062
-0.058612
-0.132863
0.147046
0.045068
-0.497953
-0.006455
0.192633
-0.101002
-0.018774
0.223949
0.156693
0.130312
0.110217
-0.102477
-0.079031
0.344464
-0.106287
0.184135
0.147940
-0.117951
-0.301461
-0.142541
0.131344
0.119817
0.023021
0.216953
0.111356
-0.104439
-0.135245
-0.087174
-0.130640
-0.199579
0.077581
-0.493458
-0.149531
-0.160244
0.323895
0.179730
-0.053148
-0.119074
0.233691
-0.260644
-0.171877
0.142357
-0.265962
0.215197
0.175145
0.090878
-0.085003
-0.253852
0.360737
-0.104902
0.025521
0.204215
0.204890
0.321577
-0.019344
-0.064893
-0.109863
0.126033
0.137137
-0.007344
-0.481906
-0.439385
0.150921
-0.001633
-0.040788
-0.044388
0.199996
0.225920
-0.072272
-0.101952
-0.151134
-0.018729
0.185767
-0.126120
0.047671
-0.448261
0.048617
0.021914
0.056110
0.173573
-0.062387
-0.111395
-0.341434
-0.466164
-0.220953
0.137419
-0.021555
-0.048917
-0.088367
-0.136547
-0.488191
0.171573
-0.046617
-0.348191
0.194724
0.147196
0.014549
0.043727
0.291976
0.043335
0.304424
-0.003020
-0.086656
-0.148486
-0.394212
0.169395
0.291974
0.020816
-0.033287
0.225944
-0.132050
0.239118
-0.113946
-0.122839
0.321784
0.076196
0.103999
-0.264721
-0.252064
0.160989
-0.392795
0.180517
0.117106
0.137587
-0.204169
-0.467291
0.222198
-0.417619
-0.143680
0.139041
0.006622
-0.096378
0.212350
0.349594
0.150299
0.452812
0.229919
0.077840
-0.006446
-0.066896
0.197513
0.093181
-0.001764
-0.066234
0.058742
0.242002
-0.157558
-0.410192
-0.425513
0.249379
-0.063269
0.058402
-0.141937
0.004653
0.176069
0.238240
0.093661
0.100921
0.052158
-0.040937
-0.440379
-0.065498
0.276924
0.029430
-0.057252
-0.404518
0.219453
0.085078
0.074975
0.058552
-0.128891
0.203881
0.138804
0.074763
0.157173
0.201412
-0.416724
-0.345563
-0.496488
0.096690
-0.496711
-0.282214
0.063683
-0.488339
-0.489321
-0.489252
0.250038
0.228383
-0.476631
-0.482379
-0.484186
0.123973
0.309015
-0.007979
0.173713
0.041779
-0.448631
0.338475
0.259964
0.139022
0.237186
0.265387
-0.151816
0.535509
-0.463117
-0.127330
0.306685
0.016469
0.108726
0.146931
-0.093186
-0.447930
-0.471511
0.265996
0.151399
0.060684
0.277238
-0.148219
0.322691
0.122211
0.165501
-0.478772
-0.007494
0.277926
0.030359
0.289974
-0.131957
0.115355
-0.146056
0.122006
0.182213
0.013251
0.194910
0.130170
-0.014240
-0.021855
-0.141197
-0.249294
-0.448440
0.545515
0.004384
-0.475953
0.215424
0.359954
0.251017
-0.136577
-0.384185
-0.406929
-0.114980
0.058611
-0.017015
0.154571
0.321958
0.305692
0.171107
0.288085
0.539293
0.311537
0.186717
0.170389
0.166086
0.283470
0.083945
-0.137434
0.216312
0.282581
0.381179
0.114395
0.321241
0.300246
0.345055
0.100274
0.121615
0.022245
0.288906
-0.053942
-0.130900
0.164541
-0.401526
0.218553
-0.103019
0.155285
0.189318
0.323785
0.088959
0.150400
0.250982
0.056440
0.211451
0.250695
0.517650
-0.404705
0.164265
0.287336
0.147326
0.102925
0.093912
-0.154778
0.398952
0.147776
-0.125426
-0.125836
-0.120459
-0.351095
0.299719
0.156952
0.204336
0.290737
0.184607
0.242031
-0.020387
-0.312621
0.205397
0.508485
0.198343
0.230037
0.080481
0.369596
0.087115
0.095020
0.338005
0.570103
-0.110219
-0.296732
0.308447
0.321571
0.315985
0.225233
0.276795
0.041499
0.081622
-0.109897
0.187526
0.263612
0.531723
0.092345
0.550401
0.241777
-0.098791
-0.326196
0.256200
0.233401
0.216338
0.236720
0.126520
0.122266
-0.472305
-0.485616
0.025908
0.315343
-0.088744
-0.349379
0.244979
0.236012
0.238794
0.241249
0.045072
0.090124
0.208778
0.135645
0.159974
0.172469
-0.272673
0.233155
0.237761
0.110843
0.168136
-0.071511
0.272007
0.279032
0.348482
0.225602
0.158916
0.110103
-0.018373
0.119236
0.141067
0.359110
0.394049
0.434835
0.460605
0.525836
0.444008
0.160460
0.326976
0.363535
0.410359
0.448436
0.455436
0.519947
0.556541
0.561539
0.564782
0.561226
-0.111668
0.096375
0.218963
0.259410
0.263677
0.336496
0.379366
0.408006
0.541622
-0.203236
-0.136528
0.117374
0.099582
0.106652
0.116494
0.247676
0.433623
0.093120
0.166951
0.394883
0.395220
0.548963
0.561199
0.407282
0.114844
0.433850
-0.292100
0.114504
0.146713
0.424162
0.367909
0.542251
0.553999
0.518223
0.517134
-0.211528
0.200278
0.445200
0.350433
0.148448
0.181388
0.526047
0.534530
0.146032
0.011153
0.360720
0.374068
-0.334956
0.380579
0.148363
0.354462
-0.129344
0.319121
0.555161
0.125365
0.378417
0.425111
0.277326
0.521320
0.550210
0.177775
0.531065
0.449263
-0.174420
0.158468
0.422239
0.526706
0.536605
0.030360
0.532962
0.366597
0.170535
0.213346
-0.051711
0.392612
0.531817
0.311483
0.556255
-0.010218
0.216612
0.269154
-0.056242
0.428527
0.531998
0.342542
-0.166626
0.231296
0.436901
0.544944
0.551157
0.209192
0.273684
0.406351
0.261794
0.575783
0.398348
0.238143
0.271508
0.315827
0.405368
0.567413
0.341424
-0.284916
0.323285
-0.417322
0.269643
0.325606
0.307633
0.372776
0.385703
0.430515
0.557088
0.580798
0.451977
0.340468
0.501264
-0.465972
0.419914
0.315665
0.511044
0.352819
0.421775
0.385862
0.506990
0.435541
0.021697
0.438791
0.562583
0.313427
0.538578
0.017735
-0.118685
0.523449
0.523694
0.054135
0.548886
0.461804
0.393441
0.558110
0.074124
-0.021562
-0.053905
-0.130089
-0.326008
0.399886
0.545681
0.574243
0.420738
0.574168
-0.144675
0.445405
-0.057089
0.412500
0.562733
-0.069229
0.575976
0.569688
0.439538
0.559314
-0.034410
0.569610
0.576307
-0.010427
-0.068672
0.450662
0.574807
0.355375
0.271250
0.418149
-0.148447
-0.128809
0.398423
0.573867
0.580562
0.554691
0.420346
0.407447
0.501039
-0.136679
-0.130154
0.287613
0.301738
-0.458173
-0.053319
-0.131008
-0.102770
0.067033
0.477648
0.273790
0.321898
0.360271
-0.382507
-0.482621
-0.462089
-0.155921
0.080384
0.339567
-0.284468
0.097031
0.212129
-0.150287
-0.134362
-0.082014
0.063929
0.253597
0.388680
-0.007589
0.090070
-0.085620
0.247133
0.346945
0.239339
-0.387018
-0.150698
-0.085346
0.265791
0.304432
0.323552
0.378499
-0.366595
-0.250543
0.140506
-0.166544
-0.148798
-0.120991
0.426305
0.029490
0.037076
0.081186
0.106429
0.128075
0.241402
0.350826
0.382728
0.403952
0.005344
0.430317
-0.079522
0.242431
0.267508
0.409405
-0.464334
-0.151221
-0.370005
0.246366
0.312090
0.351923
0.388016
0.402824
-0.187063
-0.164537
0.074356
0.309703
0.011868
-0.336531
0.072173
-0.025187
-0.174583
-0.169236
-0.132001
-0.207969
-0.370245
-0.182475
-0.156907
0.134625
0.280482
0.329901
-0.453196
-0.494821
-0.192843
-0.001284
0.059046
0.117346
0.159767
-0.225758
-0.171081
0.070284
0.117790
0.147635
0.162619
-0.409726
-0.303472
-0.133952
-0.156865
0.198478
-0.392471
0.335776
-0.397381
-0.028303
-0.218920
-0.182046
-0.150718
-0.433693
-0.440298
-0.117637
-0.163788
0.049813
-0.161487
0.192492
-0.490114
-0.168584
-0.034650
-0.123786
-0.460407
-0.242961
-0.214920
-0.170319
-0.056899
0.201989
-0.059028
-0.041284
0.369120
-0.006700
-0.166138
-0.178617
0.369030
-0.235742
-0.103448
-0.294838
-0.033894
0.036501
-0.233148
-0.204572
-0.185939
-0.058203
0.077323
0.097098
-0.192436
0.114076
0.002187
-0.479661
0.369941
0.066191
-0.245686
-0.231027
0.049632
-0.134235
-0.035146
0.114762
-0.398679
-0.449145
-0.144882
-0.207790
0.034595
0.053601
0.078009
-0.052579
-0.426832
-0.443179
-0.077044
-0.257167
-0.236028
-0.021927
-0.150248
0.033342
-0.226456
0.133743
-0.229523
0.092650
-0.197277
-0.021079
-0.302093
-0.476853
0.136366
-0.185810
0.081235
0.060736
0.073140
0.093087
0.147851
0.182411
0.217437
0.246818
0.156341
0.115734
-0.417796
0.252152
-0.411349
-0.272756
-0.353509
-0.214855
0.148170
-0.022876
0.085765
-0.139434
-0.162105
0.025530
0.553246
-0.101658
0.256192
-0.248025
-0.234800
-0.226806
-0.205824
0.121024
0.215944
-0.133308
-0.118223
-0.410652
-0.287140
-0.218582
-0.011381
0.037377
0.074602
0.159657
0.199219
0.269268
0.317542
-0.020121
0.038809
-0.204664
-0.342692
-0.424734
-0.248329
-0.199145
-0.498454
0.053480
0.110643
0.170648
0.007505
-0.103762
-0.213723
0.013896
0.139621
0.177012
0.265510
0.294859
0.295617
0.312183
0.054305
-0.209576
0.210631
0.417901
-0.144167
0.240347
-0.441330
-0.177916
-0.116016
0.184531
0.236351
0.222337
0.336089
-0.051028
0.123515
-0.234133
-0.025741
-0.007872
0.074207
0.108042
0.131478
0.160592
0.206582
0.182274
-0.238078
0.224497
0.087550
-0.244758
-0.083842
0.051655
0.146661
-0.174651
-0.323523
-0.490819
-0.378718
0.202066
0.088165
0.127741
0.268828
-0.218621
-0.372746
0.069364
-0.448084
0.001412
-0.244065
-0.221479
-0.033337
0.021522
0.103776
0.064524
0.282264
0.309917
-0.108240
-0.004045
-0.217515
-0.157968
-0.289911
0.091757
0.046511
0.041228
0.470548
-0.096527
-0.092441
-0.133335
-0.178176
0.544985
-0.137088
-0.065422
-0.104271
0.121292
-0.104620
-0.096171
-0.189771
-0.010444
0.122036
-0.181708
-0.038714
-0.146110
0.106382
-0.076894
0.025169
-0.091127
-0.496177
-0.102806
0.024466
-0.150669
-0.104634
-0.128293
0.019860
-0.012223
0.038324
0.031196
-0.015077
-0.176730
-0.013998
-0.152882
-0.203574
0.026063
0.011020
-0.095285
-0.145690
-0.151367
-0.120078
-0.001301
-0.074952
-0.089089
-0.133852
0.107582
-0.009646
-0.169638
0.155056
-0.173280
0.007116
-0.103231
-0.192207
-0.040757
-0.031578
-0.020546
-0.185597
-0.038832
-0.019076
-0.026277
-0.187897
0.003006
-0.071226
-0.176848
-0.202469
-0.086170
-0.055493
-0.128857
-0.080965
-0.039908
-0.188431
-0.166568
-0.065897
0.002669
-0.018394
-0.211241
0.023712
0.005152
-0.090558
-0.158788
0.234382
-0.227867
-0.256020
-0.240248
-0.176046
-0.112143
-0.066635
-0.496900
-0.220515
-0.122158
-0.026817
-0.238826
0.050634
-0.003026
0.097040
-0.277914
-0.178531
-0.001237
-0.076511
-0.035180
0.133816
-0.207316
-0.124786
-0.158680
0.102373
-0.045367
-0.138028
-0.114547
-0.171359
0.326206
0.062256
0.462644
-0.055419
-0.239460
-0.001355
-0.068854
-0.231235
-0.191534
-0.187579
-0.074596
0.036143
0.060623
-0.132183
0.021120
-0.062252
-0.058985
-0.111579
-0.028066
-0.179193
-0.148498
-0.099330
-0.119471
-0.041554
-0.239234
-0.015579
-0.017338
-0.156900
-0.255596
-0.260312
-0.208575
-0.152587
0.431495
-0.121108
-0.213245
-0.050877
0.035446
-0.126411
-0.184934
-0.176757
0.093685
0.073097
0.060813
0.002932
-0.167419
-0.098594
-0.266206
-0.053288
-0.001853
-0.493858
0.009382
0.059604
0.079015
-0.158333
-0.073561
-0.138246
-0.007286
-0.239772
-0.279634
0.030742
-0.097011
-0.090734
0.111079
0.035451
-0.143667
-0.006987
-0.089063
-0.048145
-0.265082
-0.045406
-0.173031
-0.154477
-0.147745
-0.014157
-0.001258
-0.203897
0.014878
0.023313
0.030354
-0.498077
0.050214
-0.057024
-0.190610
0.004407
0.041335
0.041252
0.084090
-0.055436
0.478270
0.042826
-0.001066
0.035426
0.062265
0.039457
0.018317
-0.140898
-0.145520
-0.168429
-0.170679
-0.175558
-0.154261
-0.178305
0.481396
-0.160117
-0.163429
-0.174383
-0.115764
-0.120628
0.482758
-0.148647
-0.181519
-0.071486
-0.065611
0.032042
0.040520
0.047813
0.057667
-0.035797
-0.155862
-0.172458
-0.194061
-0.183651
-0.013335
0.015704
0.057203
0.071865
0.031650
-0.198899
0.300153
-0.025265
-0.072905
-0.170228
-0.190901
-0.205023
-0.210410
-0.203628
-0.095046
0.536464
-0.149029
0.046787
0.079641
0.020504
-0.038606
-0.073951
-0.006854
0.063665
-0.111864
-0.019121
0.567963
-0.148440
-0.173633
-0.218928
-0.227704
-0.212547
-0.214482
-0.202602
-0.205615
-0.044387
-0.190179
0.085980
0.048943
0.006762
0.037768
-0.042626
-0.096487
-0.140655
-0.195488
-0.195567
-0.225088
-0.219974
-0.498492
0.463995
-0.149149
-0.088565
0.188194
0.062000
-0.130965
-0.148101
-0.169384
-0.182051
-0.210196
-0.216721
-0.230343
-0.195565
-0.194746
-0.238303
0.540045
-0.103832
-0.003984
0.037436
-0.019260
-0.042441
-0.193143
-0.243853
-0.228681
-0.215989
-0.131951
-0.144629
-0.133047
-0.111913
-0.056007
-0.129401
0.068681
0.016134
-0.051266
-0.155273
-0.173686
-0.253670
-0.456691
-0.146428
0.041803
-0.025629
0.506585
-0.141829
-0.227785
-0.226765
-0.242430
-0.245879
-0.091582
-0.015748
-0.008015
-0.066250
-0.177232
-0.213421
-0.241171
-0.250206
-0.262125
-0.243900
-0.148816
0.058146
0.000734
-0.393783
-0.195082
-0.247873
-0.110269
-0.048564
-0.054401
-0.210893
-0.255097
-0.260355
-0.265713
-0.144375
-0.130763
-0.017633
0.091230
0.023413
0.037846
-0.167731
-0.230191
-0.245054
-0.256955
-0.083563
-0.148192
-0.002062
-0.160155
-0.268422
-0.271475
-0.276714
-0.272194
-0.098554
-0.158438
-0.092663
-0.165258
-0.119746
-0.113085
-0.025770
-0.124194
-0.184834
-0.265772
-0.266608
-0.133611
-0.091359
-0.074674
0.000047
0.034784
0.019616
0.038553
-0.106083
0.007464
-0.241663
-0.240607
-0.254284
-0.279490
-0.273106
-0.494579
-0.134039
-0.042963
-0.041411
-0.009047
0.043839
0.378361
-0.168588
-0.216491
-0.223144
0.403778
-0.076693
-0.105284
-0.045563
-0.149656
-0.038037
-0.088858
-0.184718
-0.190895
-0.203691
-0.232581
-0.257056
-0.272763
-0.281187
-0.279742
-0.262986
-0.165396
-0.162279
-0.110660
-0.039359
-0.009750
0.381020
-0.152655
-0.071102
-0.042938
-0.258019
-0.057288
-0.182668
-0.105402
-0.079501
-0.116511
-0.069523
0.422977
-0.042326
0.214913
-0.174403
-0.285364
-0.089427
-0.074489
-0.025321
0.004598
0.023224
0.047448
0.218311
0.538677
-0.229197
-0.287494
-0.279038
-0.167335
-0.081792
-0.056269
-0.004652
-0.064308
0.321080
-0.245190
-0.286303
-0.288383
-0.281202
-0.271366
-0.476849
-0.145192
-0.116294
-0.093346
-0.035339
0.007513
0.002663
0.018235
-0.180127
-0.197091
-0.237871
-0.266736
-0.271380
-0.280696
-0.058449
0.027293
-0.189696
-0.122265
-0.186940
-0.223261
-0.253564
-0.287901
-0.087222
-0.069829
-0.011244
-0.089021
-0.006866
-0.234764
-0.288413
-0.266769
0.207568
-0.158498
-0.134998
-0.118464
-0.048875
-0.001818
-0.172172
-0.023491
-0.260101
-0.286246
-0.280755
-0.191141
-0.174659
-0.142321
-0.107690
-0.085150
0.039827
-0.016259
-0.018354
-0.244629
-0.276267
-0.284165
-0.282975
-0.147728
-0.120327
-0.107074
-0.215958
-0.232164
-0.273205
-0.196263
-0.160518
-0.134083
-0.117843
-0.096819
-0.057387
-0.021075
-0.482603
-0.082965
-0.251106
-0.470077
-0.037211
0.025953
-0.029994
0.004858
-0.095448
-0.166265
-0.202801
-0.277045
-0.272546
-0.196312
-0.188470
-0.178029
-0.095369
0.007402
-0.156025
-0.004680
-0.000758
-0.218546
-0.256918
0.022998
-0.260500
-0.027734
-0.205646
-0.163210
-0.116405
-0.083485
-0.041632
0.268273
-0.141169
-0.265903
-0.215801
-0.175697
-0.165047
-0.170825
-0.160195
-0.165591
-0.166457
-0.163267
-0.151796
-0.126142
-0.160248
-0.147122
-0.161127
-0.144492
-0.149296
-0.145540
-0.133025
-0.125031
-0.103293
-0.147376
-0.136102
-0.144911
-0.137399
-0.104176
-0.126318
-0.134603
-0.129288
-0.114794
-0.089489
-0.126440
-0.123876
-0.084215
-0.065001
-0.124129
-0.117149
-0.106082
-0.090497
-0.092927
-0.060585
-0.103601
-0.115561
-0.113591
-0.107549
-0.089099
-0.082515
-0.096219
-0.103835
-0.103822
-0.095052
-0.068977
-0.060300
-0.066284
-0.058426
-0.074399
-0.097380
-0.093311
-0.071538
-0.050431
-0.077797
-0.021802
-0.050553
-0.052631
-0.101343
-0.061450
-0.046259
-0.025875
-0.073437
-0.035732
-0.014646
-0.319248
0.058738
-0.018161
-0.033029
-0.082904
0.447023
-0.007044
-0.062497
-0.032788
-0.068398
-0.072996
-0.062389
0.019912
-0.015105
-0.048930
-0.047408
-0.003606
0.089933
0.068736
0.025861
0.013042
-0.029844
-0.066851
-0.021864
-0.226054
-0.070314
0.108495
-0.051623
-0.023895
0.017517
0.041003
0.071487
0.082389
0.169950
0.439708
0.011644
-0.003634
-0.051717
-0.012288
0.001434
0.005266
0.018154
0.057598
0.177529
-0.000825
0.168663
0.010859
0.031694
0.051537
0.343576
0.160658
0.210533
0.178465
0.029328
0.008061
-0.010069
-0.036341
-0.055299
0.088606
0.078179
0.068866
0.118938
0.082566
0.122430
0.042178
0.040464
-0.008525
0.063253
0.067556
0.202881
0.063006
0.015710
0.091410
0.673916
0.194074
0.224922
0.418128
0.063028
0.004602
0.059719
0.120393
0.116227
0.168851
0.375182
0.286516
0.078320
0.106060
0.059856
0.078445
0.012183
0.002209
0.168377
0.263770
0.203093
0.371924
0.395506
0.361226
0.359076
0.247090
0.083735
0.081442
0.011882
0.011309
0.202607
0.329048
0.306576
0.277732
0.008142
0.019623
0.154037
0.176510
0.382890
0.335814
0.241603
0.104705
0.135509
0.186474
0.225482
0.290060
0.114053
0.116001
0.136276
-0.000329
0.202448
0.253257
0.276831
0.341680
0.330991
0.273023
0.089696
0.141778
0.222156
0.175327
0.390554
0.390036
0.381871
0.271964
0.232838
0.388918
0.183250
0.287274
-0.033396
0.054502
0.361868
0.347222
0.319495
0.410038
0.208778
0.222983
0.232864
0.285536
0.389674
0.411916
0.363728
0.236059
0.302068
0.241702
0.241996
0.316563
0.209972
0.227351
0.306291
0.402533
0.328054
0.440864
0.371951
0.277614
0.234110
0.428345
0.191595
0.279533
0.389619
0.440358
0.430823
0.415420
-0.230026
0.396408
0.662770
0.286268
0.231647
0.474905
0.458539
0.442284
0.305572
0.065237
0.304060
0.335485
0.477534
0.413268
0.248186
0.284340
0.273324
0.325955
-0.257344
0.071086
0.399644
0.323376
0.278893
0.437834
0.454741
0.446927
0.465888
-0.331623
0.426177
0.344945
0.102073
0.385592
0.478535
0.395077
0.328674
0.223422
0.417683
0.462253
0.452745
0.440016
0.094127
-0.301050
0.401374
0.455989
0.454588
0.560874
0.150497
0.402843
0.451576
0.468825
0.469481
0.435692
0.466652
0.437683
0.392226
0.455142
0.408883
0.506431
0.308373
0.328406
0.341194
0.390649
0.440299
0.475638
0.310919
0.372015
0.334777
0.157420
0.189541
0.366303
0.445890
0.484821
0.158177
0.347361
0.458487
0.476336
0.480420
0.453333
0.458413
0.115485
0.170894
0.274865
0.394832
0.520711
0.568726
0.350952
0.346465
0.454634
0.474748
0.445848
0.286875
0.424883
0.353287
0.133863
0.164113
0.461302
0.487677
0.628609
